-6.749256, 2.308010, 14.159309
2.152388, 0.100556, 9.921574
-2.540248, 1.510741, 10.943897
0.486023, 0.057461, 10.764332
0.002394, 0.797269, 10.709267
0.469264, 0.193930, 10.175358
1.867477, -0.347159, 9.670181
-3.337518, 1.877054, 11.142616
3.248932, -0.900220, 9.251194
-0.543484, 0.687136, 11.276691
-2.229002, 0.907403, 11.647793
-0.263362, 0.524330, 10.747574
1.467646, 0.684742, 9.318233
0.588974, -0.122104, 10.838551
1.043872, 0.342371, 9.698910
-3.272874, 1.098938, 12.370842
3.459621, -0.833182, 8.295910
0.383072, 1.084573, 10.297462
-1.934515, 0.675165, 11.520901
1.115698, 0.670377, 10.153809
-0.150835, 0.232238, 10.872070
-0.016759, 0.203507, 10.929531
-1.719037, 1.671153, 11.451469
0.296881, 0.102951, 9.744400
5.865795, -1.065420, 7.419632
-2.731784, 1.031901, 12.409149
-1.297657, 0.308852, 10.797852
2.082955, 0.497994, 10.374077
-0.541090, 0.086191, 10.591949
2.379837, 0.272939, 9.191341
-4.132393, 1.534683, 13.383587
2.894590, -0.893037, 8.370129
1.273715, 0.543484, 11.077972
-3.215413, 0.988805, 11.791443
3.995923, -0.624887, 7.639898
0.234632, 0.241814, 11.511322
1.843535, -0.493206, 8.734047
-2.837130, 1.561019, 13.086708
0.699107, -0.122104, 10.304646
2.501941, -0.119710, 8.489838
-0.502782, 0.476446, 11.695675
0.991199, 0.138864, 9.514557
-2.104504, 0.797269, 12.739548
3.236961, -0.505177, 8.786720
-0.344765, 0.593762, 10.141838
-1.233014, 0.383072, 11.908760
2.712630, -0.198719, 8.559273
-0.780510, 0.569820, 12.196064
-1.474828, 0.588974, 11.566391
-1.120486, 0.672771, 10.469845
2.351107, -0.260968, 9.897629
2.571373, 0.143652, 8.267178
-3.119645, 0.885855, 13.464993
-0.414197, 0.258574, 11.353306
-0.052672, 0.588974, 9.418789
3.960010, -0.811635, 8.834606
-3.818752, 1.881843, 12.105083
0.445322, -0.172383, 10.903194
1.575385, 0.124499, 10.872070
-2.877831, 1.194707, 11.468227
0.296881, -0.019154, 11.192894
-1.101333, 1.388637, 10.206482
4.247314, -1.182736, 8.580818
-2.322375, 0.933739, 12.413937
-3.028666, 0.979228, 11.659763
3.076550, -0.624887, 9.090786
-0.138864, 1.122880, 10.563217
0.086191, -0.323217, 11.013329
-2.626439, 1.146822, 12.425907
0.081403, 0.605733, 10.213665
2.923321, -0.725443, 9.270348
-5.125986, 2.288857, 13.438656
3.040636, -0.775721, 8.279148
1.273715, 0.284910, 10.544064
-1.280898, 0.438139, 11.647793
-1.968034, 0.397438, 11.635822
-1.558625, 1.666365, 11.293449
4.860229, -0.907403, 7.905655
-2.377442, 0.991199, 12.102692
-2.528277, 0.895432, 12.476185
-0.912191, 0.538695, 10.951080
1.146822, 0.392649, 10.084377
-0.514753, 0.517148, 10.644623
-0.119710, 0.615310, 9.512165
1.240197, 0.071826, 11.022903
-0.715866, 0.234632, 10.565613
-2.147599, 1.151611, 11.999741
-1.144428, 1.225832, 10.721237
3.969586, -0.466869, 7.462727
-0.761356, 0.454898, 12.476185
-3.213019, 1.211466, 11.504139
0.450110, 0.383072, 10.498573
1.498770, 0.110133, 9.631874
1.513135, -0.143652, 8.367737
-0.758962, 0.572214, 12.373234
-2.312799, 1.053449, 11.293449
3.057396, -0.660800, 9.009380
-2.908956, 1.508347, 12.610260
0.313640, 0.550666, 8.214508
2.719813, -0.363919, 10.508152
-1.699883, 0.778116, 10.967838
1.912967, -0.387861, 9.198524
-4.522648, 1.651999, 13.156139
5.090073, -0.895432, 5.872976
0.991199, 0.016759, 11.161770
-2.652776, 1.455675, 11.633427
-0.220267, 0.016759, 10.568008
-1.233014, 0.744597, 11.765106
2.157176, 0.342371, 7.594408
-1.194707, -1.553837, 7.580044
-4.438850, 1.553837, 13.685257
1.072602, 0.464475, 8.748413
0.117316, 0.059855, 11.085155
3.248932, -0.122104, 8.477867
-2.147599, 0.893037, 11.848904
-1.920150, 0.667982, 11.882423
1.209072, 0.723049, 9.380482
2.573767, -0.337582, 9.102757
-0.052672, 0.842759, 10.579979
-1.826776, 0.318429, 11.286266
2.116474, -0.598551, 9.837776
-1.944092, 1.525106, 11.396400
-0.086191, -0.009577, 10.319012
1.436521, 0.464475, 9.864113
0.742203, 0.241814, 10.393230
0.782904, -0.040701, 10.383652
-4.129997, 2.006341, 13.357254
2.092532, -0.624887, 8.875305
4.192247, -0.165200, 8.176201
-2.664746, 1.414973, 13.302185
2.425326, -0.421380, 7.970299
2.458845, 0.040701, 9.588779
-6.409279, 2.224214, 14.870388
7.328651, -1.874660, 5.894526
-5.293581, 2.351107, 15.282192
2.288857, -0.584185, 8.437168
-0.835577, 0.636858, 10.955868
1.089362, 0.038307, 10.287884
3.993529, -0.675165, 7.984663
-5.645529, 1.860295, 15.172058
2.008736, -0.160412, 9.033325
1.685518, 0.454898, 9.241619
-0.344765, 0.689530, 11.791443
0.799664, 0.383072, 9.078812
-0.847548, 0.656011, 12.327747
1.393425, 0.095768, 9.813835
-0.107739, 0.000000, 9.974243
-1.503559, 0.696713, 12.318169
3.711013, -0.270545, 7.173029
-0.562637, 0.141258, 12.509705
-2.765304, 0.814029, 12.595898
-1.316811, 0.742203, 10.409988
0.782904, 0.313640, 10.852917
3.292027, 0.122104, 7.750032
-1.592144, 0.253785, 12.689270
-1.539472, 0.811635, 12.140999
0.296881, 0.347159, 9.088390
2.621651, -0.658406, 10.058041
-3.411737, 2.267309, 11.587936
3.869030, -1.206678, 8.762779
-1.391031, 1.027112, 12.679695
-0.749385, 0.380678, 10.230423
-0.802058, 0.524330, 11.939884
-2.109292, 1.977611, 11.293449
7.273586, -2.205060, 6.636728
-4.402937, 1.831564, 13.958199
-0.893037, 0.565032, 10.460266
1.374272, -0.476446, 10.366894
-3.605668, 2.121263, 12.828133
4.118027, -1.161188, 8.008606
-3.564966, 1.917756, 13.409924
0.648829, 0.296881, 10.129868
1.565808, -0.438139, 10.309433
-5.652710, 2.774880, 13.781025
4.192247, -0.847548, 7.611168
1.091756, 0.335188, 10.213665
0.624887, 0.162806, 10.498573
-2.545036, 0.785298, 11.990162
-1.702278, 1.355118, 11.717224
2.511518, -0.299275, 9.052479
1.149217, 0.325611, 9.677364
-3.514688, 1.328782, 13.192051
0.237026, -0.201113, 10.251972
0.313640, 0.706290, 10.716446
-0.974440, 0.735020, 10.426750
1.405396, 0.059855, 8.961498
0.921768, 0.009577, 11.255142
0.656011, -0.201113, 9.756371
-2.130839, 1.302446, 11.942280
-2.640804, 1.206678, 11.678917
5.398926, -1.031901, 6.335058
-0.723049, 1.003170, 12.545616
-1.592144, 0.672771, 10.603920
0.591368, -0.009577, 10.560825
-2.049437, 1.077391, 11.865665
4.967968, -0.833182, 5.815516
-3.038242, 1.216255, 13.448231
0.545878, -0.047884, 9.775524
1.972822, -0.174777, 9.909603
-4.101267, 1.508347, 12.897564
2.281674, 0.076614, 7.817070
-1.151611, 0.763750, 12.143391
2.595315, -0.100556, 8.542511
-0.229843, 0.253785, 10.740391
-3.739743, 0.928950, 12.610260
3.215413, -0.081403, 7.371748
1.752556, -0.272939, 10.436325
-2.190695, 0.928950, 11.808205
-0.172383, -0.067038, 10.469845
-0.895432, 0.620098, 11.741165
2.025495, 0.560243, 8.631096
-1.673547, 0.500388, 11.860878
0.423774, 0.280122, 10.196907
3.198654, -0.766145, 8.616734
-2.044648, 0.418985, 12.277466
-1.558625, 1.163582, 11.085155
1.010353, -0.148441, 9.797073
3.335123, -0.016759, 8.872913
-1.900996, 0.826000, 11.731590
-2.245761, 0.672771, 12.667721
0.828394, 1.125275, 10.194511
2.106897, -0.426168, 9.167400
-0.122104, 0.723049, 10.687717
-1.359907, 0.600945, 10.848129
3.428497, -0.725443, 8.980652
-0.830788, 1.149217, 12.097900
-1.283292, 0.339977, 10.618286
-0.028730, 0.928950, 10.477028
2.121263, 0.203507, 9.665394
1.163582, -0.148441, 10.244789
-3.811569, 1.850718, 13.953407
0.974440, 0.035913, 8.674194
4.173094, -0.289698, 8.145073
-1.491588, 0.818817, 11.772289
0.428562, -0.189142, 9.481041
-0.565032, 0.909797, 12.191277
1.810017, -0.251391, 9.320629
-1.884237, 0.905008, 11.185711
-1.005565, 1.199495, 11.678917
3.004724, -0.287304, 8.446743
0.143652, 0.318429, 11.561600
-1.584962, 0.859519, 11.978191
-0.481235, 0.186748, 9.533710
2.937686, -0.260968, 9.923965
0.931345, 0.081403, 9.105148
-1.410185, 0.562637, 12.457031
-1.470040, 0.926556, 11.896790
2.147599, -0.380678, 8.647858
0.237026, 0.711078, 11.413158
-2.178723, 1.580173, 10.982204
2.123657, -0.493206, 10.149021
1.582567, -0.067038, 10.917561
-1.958457, 0.538695, 10.764332
-0.682348, 0.610522, 11.650185
0.636858, 0.833182, 9.679756
3.203443, -0.962469, 9.375694
-2.691083, 1.441309, 13.486538
-3.797204, 1.527501, 11.338940
4.185064, -0.653617, 9.244015
0.371101, 0.948104, 9.842564
-0.763750, 0.198719, 10.907982
-0.380678, 0.756568, 11.896790
0.950498, -0.052672, 9.459492
1.434127, -0.045490, 10.637440
-4.314352, 2.248156, 12.430695
1.199495, -0.418985, 9.691730
2.683900, -0.026336, 10.017342
-3.363853, 1.259350, 12.703636
-2.470817, 0.938527, 12.380417
1.453280, 0.677559, 9.552864
1.139640, -0.227449, 9.540894
1.046266, 0.569820, 10.230423
-3.914520, 1.211466, 13.227966
1.675941, -0.438139, 9.392452
0.265756, 0.902614, 10.704475
-2.856283, 1.187524, 11.686100
1.278504, 0.258574, 9.437943
0.117316, 0.241814, 11.568783
-0.723049, 0.588974, 10.893620
-1.407791, 1.139640, 11.075577
-1.340753, 0.790087, 11.473015
4.745308, -0.598551, 6.555325
-0.823606, 0.354342, 12.502522
-6.222530, 1.774104, 13.618221
3.332729, -0.399832, 9.052479
-1.455675, 1.170764, 11.674129
1.173159, 0.471658, 8.561665
-1.350330, 0.639252, 12.955025
-2.291251, 1.098938, 11.427525
4.843470, -0.572214, 7.991846
-4.110844, 1.553837, 12.895172
-0.371101, 0.634464, 8.805874
4.563349, -0.766145, 9.354145
-1.982399, 0.876278, 11.147404
-1.510741, 0.553061, 11.853695
-2.432509, 1.185130, 12.457031
2.999935, 0.335188, 7.307104
1.079785, 0.040701, 11.214443
-2.832341, 1.077391, 12.129028
-1.991976, 0.624887, 11.769897
3.801992, -0.577003, 8.832211
-1.211466, 1.084573, 9.955090
-1.304840, 0.040701, 11.772289
2.183512, 0.275333, 9.083603
-0.191536, 0.316035, 10.907982
-0.847548, 0.354342, 11.415554
-2.370260, 1.956063, 11.355698
1.027112, -0.086191, 10.038887
5.116409, -0.445322, 8.032547
-5.667076, 1.400608, 13.759480
-0.191536, 0.138864, 10.445904
1.982399, 0.763750, 9.301476
1.249774, -0.536301, 9.746796
-0.349553, 0.785298, 10.946289
-3.184289, 1.139640, 12.255920
4.489128, -0.998382, 8.822632
-2.525883, 1.946486, 12.533646
-2.255338, 0.732626, 10.754753
5.324705, -0.277727, 7.484276
0.730232, 0.234632, 10.479420
1.156399, -0.679953, 9.962273
-3.983953, 2.164358, 13.393166
2.023101, -0.531513, 8.224083
5.415684, -0.409409, 7.929596
-4.132393, 1.575385, 13.067554
2.485182, -0.270545, 8.975861
-2.932898, 1.553837, 13.285427
3.363853, -0.735020, 8.355762
0.581791, 0.679953, 9.627087
-0.052672, 0.280122, 10.663776
3.308787, -0.634464, 8.262390
-0.031125, 0.361524, 11.911156
-2.674323, 1.101333, 11.626244
1.707066, 0.234632, 8.980652
1.228226, 0.014365, 10.855312
2.537854, -0.181959, 8.403648
-3.138799, 1.182736, 13.682865
-0.737414, 0.471658, 10.773907
3.471593, -0.612916, 7.757214
0.399832, 0.134075, 10.927135
-0.950498, 1.182736, 10.220848
1.620875, -0.560243, 10.687717
-0.596156, 0.351948, 11.779472
-2.930503, 1.280898, 11.255142
1.230620, -0.304064, 10.498573
-0.816423, 1.235408, 10.931927
3.562572, -0.960075, 9.153034
-2.679111, 1.127669, 13.158535
-3.718196, 1.276110, 11.118675
7.563284, -2.154781, 6.885725
-4.204218, 2.434903, 12.581532
3.758897, -1.216255, 8.588001
-4.735731, 1.546654, 14.427460
-0.536301, 0.354342, 10.127472
2.487576, -0.509965, 9.904812
-5.640739, 2.566585, 13.314156
4.783615, -1.517924, 7.800310
0.059855, 0.349553, 11.556812
-2.300828, 0.933739, 11.109097
-0.198719, -0.260968, 10.891224
-2.521094, 1.546654, 11.559208
6.442797, -1.443704, 6.658276
-3.313576, 1.338359, 13.527241
-3.081338, 1.154005, 12.471397
0.663194, -0.215478, 10.520123
-1.759738, 1.441309, 11.451469
1.223437, -0.131681, 9.363724
0.684742, 0.076614, 10.649410
-0.251391, 0.392649, 10.994175
0.000000, -0.026336, 10.582371
-4.486734, 1.699883, 13.304581
-0.373495, 0.828394, 9.957485
6.004658, -1.029507, 7.287951
-3.368642, 1.553837, 13.455414
-3.706224, 0.711078, 12.358871
-3.909732, 2.212242, 12.708424
16.311699, -3.957616, 2.671929
-7.050924, 4.139574, 14.183250
2.662353, -0.098162, 9.370907
1.879448, -0.205901, 10.685322
-0.330400, 0.071826, 10.323799
1.340753, 0.842759, 10.316616
-0.263362, -0.028730, 9.595963
-2.315193, 0.658406, 13.457809
-2.339135, 0.931345, 11.372459
-0.141258, -0.459687, 10.589554
-1.833959, 0.974440, 11.348518
2.796428, -0.007183, 8.224083
-2.111686, 0.660800, 12.880806
-0.878672, 0.912191, 10.694901
0.169988, 0.222661, 10.922348
-2.568978, 1.326388, 11.681313
3.076550, -0.124499, 8.621521
-1.781286, 0.751779, 11.947067
1.675941, -0.234632, 9.550472
-1.862689, 0.962469, 11.520901
0.318429, -0.275333, 10.146626
1.271321, 0.768539, 9.641449
-1.352724, 0.912191, 11.314999
2.463634, -0.102951, 9.327808
-1.352724, 0.567426, 11.391613
-0.059855, 0.263362, 10.532093
1.142034, 0.718261, 10.292675
-1.237803, 0.581791, 11.092339
2.317587, 0.059855, 9.064449
-0.526724, 0.579397, 11.214443
-0.775721, 0.280122, 11.082760
2.559402, 0.256180, 9.876083
-2.391808, 1.189919, 11.470623
2.695871, 0.031125, 8.992622
0.112527, 0.248997, 11.073185
-1.661576, 0.256180, 11.286266
2.284068, 0.244209, 10.019733
-1.022324, 0.555455, 11.106701
0.272939, 0.311246, 10.204086
2.300828, -0.256180, 9.323021
-2.130839, 0.847548, 11.650185
1.137246, 0.294487, 10.486603
0.615310, 0.000000, 10.371681
-2.286463, 1.218649, 11.540054
3.177106, -0.407014, 8.516174
-1.965640, 0.885855, 11.530476
0.474052, 0.421380, 11.087547
1.857901, -0.146046, 9.677364
-3.287239, 1.424550, 11.906364
3.663129, -0.624887, 8.698135
-2.075773, 1.182736, 11.212048
0.105345, 0.536301, 11.341335
1.910573, -0.361524, 10.074802
-2.973598, 1.395820, 11.757927
2.446875, -0.031125, 9.284714
-0.064643, 0.830788, 10.002975
-1.788469, 0.756568, 12.119450
3.167529, -0.732626, 9.172188
-4.022259, 2.217031, 11.949463
2.695871, -0.366313, 9.064449
0.426168, 0.818817, 10.371681
-3.550601, 1.096544, 12.806587
4.204218, -1.036689, 8.645462
-3.926491, 1.563414, 12.627022
0.890643, -0.004788, 10.005371
1.944092, 0.574608, 9.323021
-3.086126, 0.852336, 12.732365
3.371037, -0.900220, 8.616734
-1.180342, 0.902614, 11.793839
-2.786851, 0.928950, 12.344505
4.065355, 0.052672, 8.109161
-3.720590, 0.936133, 12.990940
1.532289, 0.040701, 9.279926
0.486023, 0.541090, 10.508152
-3.533842, 0.560243, 12.988544
2.851495, 0.395043, 8.779537
-1.376666, 0.629675, 11.307816
-0.402226, 0.366313, 10.139446
2.803611, -0.383072, 9.500195
-5.494694, 1.458069, 13.637375
3.198654, 0.081403, 8.573635
0.177171, 0.191536, 10.500969
-2.504335, 0.945710, 11.125854
3.682282, -0.500388, 9.145851
-4.671087, 1.048660, 13.292610
2.375049, 0.064643, 9.368511
0.268151, 0.320823, 10.141838
-2.882619, 1.225832, 11.082760
4.180277, -0.837971, 8.971073
-4.149151, 0.840365, 12.914326
0.912191, 0.691924, 9.923965
2.032678, -0.105345, 9.011776
-2.832341, 1.106121, 11.312603
3.026271, -0.471658, 9.351753
-2.853889, 0.885855, 11.769897
0.483629, 0.356736, 10.223244
1.752556, -0.227449, 9.512165
-2.822764, 1.587356, 10.910378
2.480393, -0.395043, 9.600750
-1.410185, 0.399832, 11.312603
-0.665588, 0.632069, 11.264721
2.566585, -0.138864, 8.839394
-2.444480, 1.355118, 11.020512
1.596933, -0.160412, 10.079590
0.751779, 0.055067, 10.105927
-2.293645, 1.206678, 12.313381
3.478775, -0.792481, 8.386890
-1.570596, 1.204284, 10.989388
-0.545878, 0.418985, 11.307816
2.975993, -0.466869, 8.916008
-3.964798, 1.173159, 13.244724
2.985570, -0.928950, 8.798691
0.383072, 1.175553, 10.206482
-3.342306, 1.000776, 12.428303
5.118803, -1.060631, 7.766790
-3.924097, 1.594539, 13.206417
0.366313, -0.217872, 10.070011
2.992752, 0.280122, 9.315838
-4.613626, 1.558625, 13.081921
4.292805, -0.390255, 7.931992
-1.149217, 0.782904, 11.786655
-1.647211, -0.016759, 11.669338
4.232948, -0.007183, 8.750809
-3.665524, 1.446098, 12.109875
3.612851, -0.471658, 8.568848
-0.260968, 0.634464, 11.154587
-2.118869, 0.289698, 11.468227
4.216188, -0.114922, 9.133881
-3.260903, 1.134851, 12.023682
1.980005, -0.189142, 8.834606
1.225832, 0.347159, 10.168175
-3.232173, 0.720655, 12.021286
3.804387, -0.320823, 9.593567
-2.305616, 1.151611, 11.475410
0.339977, 0.378284, 9.888054
2.600103, -0.088585, 9.313446
-3.986346, 0.792481, 12.579136
2.691083, 0.189142, 9.684547
0.739808, 0.172383, 10.223244
-3.469198, 1.233014, 12.064384
4.979940, -0.823606, 7.663841
-3.557784, 1.077391, 12.526463
0.596156, 0.411803, 10.773907
3.064578, -0.761356, 9.205708
-4.369419, 1.589750, 12.528858
4.122816, -0.452504, 8.027760
-2.355895, 0.914585, 11.973404
-1.103727, 0.591368, 11.801022
3.948039, -0.802058, 8.599972
-5.310339, 2.013524, 13.019669
4.106056, -0.586579, 8.231266
-0.957681, 0.859519, 11.075577
-3.141192, 1.091756, 12.816162
5.312735, -1.388637, 7.912838
-5.248091, 2.039860, 13.096283
2.118869, -0.138864, 9.320629
1.127669, 0.514753, 9.567230
-3.957616, 1.055843, 13.101074
5.549761, -1.584962, 7.781157
-3.404555, 1.393425, 13.345280
-1.831564, 1.122880, 11.839329
-2.657564, 0.727837, 12.382813
2.647987, 0.572214, 8.643070
-2.580950, 0.859519, 12.117054
1.120486, -0.062249, 9.744400
1.539472, 0.129287, 10.366894
-4.821922, 1.493982, 13.290215
3.442863, -0.014365, 8.279148
-2.128446, 0.682348, 11.944672
-0.490811, 0.469264, 10.302250
3.021482, -0.141258, 9.172188
-5.046978, 1.249774, 13.651741
2.554613, 0.167594, 8.698135
0.486023, 0.399832, 10.297462
-3.275269, 1.323994, 11.441891
4.970364, -1.067814, 8.283939
-5.408503, 1.699883, 13.326126
1.697489, 0.395043, 9.222466
1.690307, -0.098162, 9.562443
-3.715801, 1.304840, 11.635822
3.854665, -0.646435, 8.793903
-2.825158, 1.127669, 11.810596
0.069432, 0.562637, 10.359711
1.934515, -0.019154, 9.246407
-3.545813, 1.527501, 11.494564
3.608063, -0.773327, 8.731655
-1.103727, 0.440533, 11.121067
-1.096544, 0.883461, 11.073185
2.181118, -0.098162, 9.126698
-2.607285, 1.352724, 10.860100
2.080562, -0.330400, 9.617508
0.038307, 0.466869, 10.268730
-1.015141, 0.806846, 11.372459
1.383849, -0.284910, 9.821014
-1.541866, 1.376666, 10.273521
0.134075, 0.083797, 10.680534
1.838747, 0.014365, 9.138668
-2.188300, 1.034295, 12.078747
1.889025, -0.237026, 9.263168
-0.069432, 1.149217, 10.180145
-2.044648, 0.667982, 11.554417
4.733337, -0.806846, 8.082825
-3.134010, 1.436521, 12.660538
1.235408, -0.387861, 9.375694
2.554613, 0.354342, 9.358936
-4.635174, 1.192313, 12.832924
5.252878, -0.689530, 7.247250
-2.645593, 1.005565, 12.528858
-0.486023, -0.141258, 10.462662
3.730166, 0.196325, 8.664616
-5.111622, 1.489193, 12.969391
4.548983, -0.584185, 7.551313
-0.191536, 0.653617, 11.300632
-3.023877, 0.816423, 11.631031
4.924873, -0.153229, 8.219296
-3.306393, 1.146822, 12.272678
1.922544, 0.165200, 8.791508
2.118869, 0.000000, 9.720459
-3.138799, 0.588974, 11.944672
3.189077, 0.086191, 9.488220
-0.881066, 0.727837, 10.544064
0.380678, 0.526724, 10.223244
2.434903, -0.282516, 9.339783
-1.946486, 0.430956, 11.461044
2.142811, 0.308852, 10.201694
0.083797, 0.289698, 10.199299
-0.926556, 0.883461, 10.740391
2.406173, -0.241814, 9.236832
-1.403002, 0.507571, 11.204865
1.264139, 0.282516, 10.793060
1.079785, -0.110133, 9.919178
-2.662353, 1.592144, 11.441891
3.763685, -0.656011, 8.327034
-1.403002, 0.390255, 11.595119
-0.196325, 0.565032, 11.231201
2.978387, -0.715866, 8.875305
-4.060566, 1.592144, 12.433090
3.828329, -0.991199, 8.288727
-0.617704, 0.639252, 10.934319
-1.817199, 0.775721, 12.260708
4.458004, -1.414973, 8.633492
-4.884172, 1.932121, 13.036430
2.391808, -0.179565, 8.832211
0.869095, 0.423774, 10.601524
-3.881001, 1.182736, 13.476963
4.608839, -1.206678, 8.283939
-3.600880, 1.795651, 12.416332
1.003170, -0.241814, 9.873688
1.599327, 0.373495, 9.619904
-3.816358, 1.225832, 13.074738
4.029442, -1.137246, 8.664616
-2.530671, 1.391031, 12.081142
-1.106121, 0.497994, 10.912773
2.832341, 0.222661, 8.760384
-3.936068, 1.034295, 13.357254
3.531447, -1.082179, 8.884884
-1.376666, 1.197101, 11.195290
-2.238579, 0.699107, 11.942280
2.868254, 0.239420, 8.798691
-3.124434, 1.079785, 12.619839
2.102109, -0.423774, 9.390060
0.622493, 0.507571, 10.814610
-4.510675, 1.197101, 13.309368
3.593698, 0.253785, 8.286331
-2.430115, 0.905008, 11.908760
1.118092, -0.265756, 9.710884
1.441309, 0.201113, 10.347740
-3.883395, 1.185130, 12.550407
2.533066, 0.433351, 9.057266
-0.596156, 0.318429, 10.910378
-1.802834, 0.746991, 10.742783
3.948039, -0.488417, 9.050083
-5.370195, 1.414973, 13.249512
2.456451, 0.107739, 9.196129
0.826000, 0.354342, 10.096348
-3.315969, 1.199495, 11.482594
5.116409, -0.984017, 8.437168
-4.970364, 1.429338, 13.201630
1.525106, 0.622493, 9.488220
2.169147, 0.050278, 9.155426
-4.572926, 1.541866, 12.351688
5.413290, -1.012747, 8.121132
-2.978387, 1.139640, 12.085930
-0.691924, 0.806846, 10.702084
3.885790, -0.478840, 8.348583
-4.501099, 1.917756, 12.042835
3.785233, -0.617704, 8.966286
-0.715866, 0.497994, 10.563217
-1.989582, 1.074996, 11.836933
2.624045, -0.126893, 8.767567
-2.425326, 1.264139, 11.262325
1.048660, -0.093374, 10.036495
2.106897, -0.174777, 9.172188
-3.224990, 1.453280, 12.758701
2.664746, -0.450110, 8.851364
-1.304840, 1.261744, 10.493786
-0.210690, 0.246603, 10.915165
1.941698, 0.021548, 8.925583
-2.049437, 0.876278, 12.095509
1.211466, -0.177171, 9.622295
0.177171, 1.063025, 9.900024
-1.515530, 0.565032, 11.525688
4.129997, -0.885855, 8.207325
-3.239355, 1.491588, 12.495338
1.826776, -0.483629, 9.253590
0.679953, 0.778116, 10.225636
-2.624045, 0.823606, 11.820175
5.085285, -0.634464, 7.240067
-3.926491, 1.367089, 13.397953
1.407791, -0.371101, 9.277531
2.152388, 0.550666, 9.667786
-4.884172, 1.386243, 12.880806
6.200983, -1.115698, 6.725313
-3.241750, 1.403002, 12.871231
-0.248997, 0.143652, 10.077194
3.981558, 0.069432, 8.844181
-4.537012, 1.333570, 12.856865
4.101267, -0.378284, 7.838617
-0.177171, 0.744597, 10.929531
-2.398991, 0.519542, 11.415554
4.644751, -0.347159, 8.836998
-3.380613, 1.335965, 11.899185
2.336740, -0.055067, 9.038113
1.537077, 0.033519, 9.988609
-3.557784, 0.735020, 12.538437
3.890578, 0.045490, 9.418789
-1.723825, 0.658406, 11.228806
-0.009577, 0.517148, 10.273521
3.086126, -0.325611, 8.741230
-3.337518, 0.909797, 12.306198
3.033454, -0.234632, 9.698910
-0.004788, 0.129287, 10.728420
-2.736572, 1.357512, 11.480198
4.606443, -0.787692, 7.941568
-3.835511, 1.082179, 12.734760
1.565808, 0.021548, 10.541672
1.422156, -0.191536, 9.900024
-3.488352, 1.376666, 12.210430
4.855442, -0.916979, 7.852982
-2.705448, 1.252168, 11.956646
-0.184354, 0.615310, 11.413158
3.869030, -1.165976, 8.908825
-5.453991, 2.025495, 13.249512
4.211401, -0.567426, 8.104374
-1.362301, 1.125275, 11.238384
-1.972822, 0.739808, 12.308594
4.876989, -1.192313, 8.446743
-5.312735, 2.341529, 12.981361
4.127604, -0.744597, 8.295910
-0.641646, 1.261744, 10.958263
-3.512294, 1.180342, 12.842499
5.537788, -1.460463, 8.190563
-5.082890, 1.920150, 13.476963
1.529895, 0.019154, 9.490616
2.767697, 0.488417, 8.961498
-5.295975, 1.371878, 14.307751
5.470751, -1.472434, 7.898472
-3.009512, 1.539472, 12.368446
-1.379060, 0.586579, 11.499352
4.024652, 0.119710, 8.209717
-4.817135, 1.350330, 13.668499
3.852271, -0.737414, 8.487446
-0.124499, 0.677559, 11.214443
-3.957616, 1.003170, 12.952633
3.981558, 0.162806, 8.145073
-3.711013, 1.266533, 12.653358
2.343924, -0.478840, 9.253590
0.763750, 0.201113, 11.020512
-4.218584, 1.302446, 12.852077
3.770868, 0.289698, 8.626308
-2.480393, 0.936133, 12.172123
-0.715866, 0.426168, 10.663776
3.416526, -0.304064, 9.344570
-6.078878, 1.419762, 14.111427
4.065355, 0.021548, 8.214508
-1.482011, 0.802058, 11.336544
-1.980005, 0.919374, 10.922348
5.020641, -1.134851, 8.568848
-6.028601, 1.453280, 13.831303
3.102885, 0.253785, 8.714893
0.840365, 0.371101, 10.144234
-4.153940, 1.340753, 12.102692
5.365406, -1.065420, 8.339005
-3.983953, 1.132457, 12.301411
1.292869, 0.411803, 9.979034
2.109292, -0.124499, 9.332600
-3.761292, 1.508347, 11.774685
3.129222, -0.387861, 9.363724
-1.989582, 0.608127, 11.362881
-0.397438, 0.778116, 11.082760
1.778892, -0.021548, 9.196129
-3.074155, 1.412579, 11.516109
1.711854, -0.265756, 9.971851
0.593762, -0.136469, 10.170570
-1.800440, 1.173159, 11.616669
2.300828, -0.486023, 9.021351
-2.403779, 1.510741, 10.972626
1.005565, -0.016759, 10.419567
0.912191, 0.074220, 9.878475
-1.637634, 0.787692, 11.815388
1.623269, -0.330400, 9.610325
-1.508347, 1.455675, 10.984596
-0.646435, 0.462081, 11.147404
3.371037, -0.761356, 8.485050
-3.761292, 1.448492, 13.048401
2.176330, -0.469264, 9.050083
-0.043096, 1.000776, 11.032482
-3.629610, 1.194707, 11.968616
5.623980, -1.110909, 7.307104
-3.519477, 1.441309, 12.974178
0.960075, -0.596156, 9.648632
2.197877, 0.581791, 9.806652
-3.931279, 1.283292, 12.229584
4.946421, -1.060631, 7.592014
-2.571373, 1.278504, 12.361263
-0.984017, -0.002394, 10.635044
3.842694, -0.093374, 9.459492
-4.630386, 1.388637, 12.773067
2.557008, -0.318429, 8.655041
1.266533, 0.454898, 10.062832
-3.881001, 0.943316, 12.358871
4.304775, -0.440533, 9.200916
-2.118869, 1.015141, 11.480198
0.612916, 0.318429, 9.572018
2.494759, -0.122104, 9.203312
-3.871425, 0.933739, 12.516888
3.023877, 0.114922, 9.701305
-0.313640, 0.387861, 10.563217
-1.391031, 0.718261, 11.037270
3.198654, -0.296881, 8.482658
-2.408567, 0.797269, 11.738773
1.450886, 0.220267, 10.500969
1.237803, -0.172383, 10.409988
-3.007117, 1.441309, 11.559208
3.485958, -0.361524, 8.501812
-2.631227, 0.984017, 11.992558
0.758962, 0.344765, 10.833763
2.363077, -0.509965, 9.660603
-3.864242, 1.640028, 12.339718
3.936068, -0.617704, 8.324638
-1.853112, 1.070208, 11.540054
-0.696713, 0.603339, 11.549629
3.969586, -1.158793, 9.064449
-4.302382, 1.668759, 12.485764
2.851495, -0.191536, 8.882488
-0.033519, 0.735020, 10.436325
-2.631227, 0.895432, 12.519283
5.322311, -1.393425, 8.209717
-4.141970, 2.011129, 12.476185
1.460463, 0.021548, 9.734825
1.142034, 0.694319, 10.010159
-3.782839, 1.371878, 12.911930
4.783615, -1.130063, 8.293514
-2.808399, 1.381454, 12.449848
-0.421380, 0.457293, 10.867283
2.475605, 0.476446, 8.992622
-3.897760, 1.321599, 12.988544
3.746926, -0.804452, 8.645462
-0.397438, 0.761356, 11.379642
-3.251327, 1.106121, 12.631809
3.696648, 0.112527, 8.221687
-3.648764, 1.122880, 13.048401
1.611298, -0.181959, 9.572018
0.725443, 0.378284, 10.529701
-3.749320, 0.938527, 12.988544
2.753332, 0.287304, 8.734047
-2.212242, 1.225832, 11.666946
0.581791, 0.117316, 9.967064
2.329558, -0.478840, 10.141838
-5.030218, 1.501164, 13.263878
3.220201, 0.143652, 8.592789
-1.455675, 0.835577, 11.439495
-1.309628, 0.653617, 10.548855
3.349488, -0.588974, 9.361328
-5.025429, 1.252168, 13.314156
3.289634, -0.265756, 8.722076
-0.790087, 0.811635, 10.759544
-2.916138, 1.113304, 10.872070
5.334282, -1.283292, 8.599972
-4.314352, 1.082179, 12.780251
1.254562, 0.457293, 9.437943
2.011129, 0.093374, 9.445126
-4.683058, 1.711854, 12.162544
4.508282, -1.039083, 8.568848
-2.066196, 0.883461, 11.300632
-0.165200, 0.596156, 10.658985
2.758121, -0.318429, 9.066841
-4.383783, 2.018312, 11.956646
2.288857, -0.464475, 9.569626
0.871490, -0.062249, 9.911995
-2.676718, 1.151611, 12.035652
3.136404, -0.459687, 8.585609
-2.487576, 1.596933, 11.367672
-0.213084, 0.014365, 10.982204
3.126827, -0.339977, 8.731655
-3.265692, 1.343147, 12.825741
2.015918, -0.433351, 9.136272
-0.397438, 1.060631, 10.721237
1.565808, 0.924162, 9.849747
-3.383007, 1.065420, 12.464214
4.529829, -0.864307, 7.845800
-2.511518, 1.070208, 12.275074
-0.064643, 0.035913, 10.192116
2.688688, 0.493206, 9.435551
-4.668694, 1.321599, 12.761097
4.383783, -0.560243, 8.037334
-0.912191, 0.682348, 11.382034
-1.098938, 0.028730, 10.879253
3.193866, 0.356736, 9.363724
-3.603274, 1.300052, 11.971008
4.180277, -0.581791, 8.391678
-1.046266, 0.699107, 11.549629
-0.651223, 0.272939, 10.417171
3.442863, 0.186748, 9.622295
-3.265692, 1.103727, 12.241554
2.379837, 0.110133, 8.990227
1.259350, 0.122104, 10.244789
-2.214637, 0.684742, 11.451469
3.952827, -0.107739, 9.624691
-2.006341, 0.995988, 11.362881
0.610522, 0.598551, 10.017342
2.647987, -0.208296, 9.167400
-2.729390, 0.648829, 12.076355
2.767697, 0.193930, 9.904812
0.603339, 0.110133, 10.429142
-2.578555, 1.292869, 11.827358
4.058172, -0.895432, 8.190563
-2.020706, 0.857124, 12.035652
0.320823, 0.600945, 11.113884
3.270480, -0.969652, 9.255985
-4.273649, 1.946486, 12.581532
3.083732, -0.486023, 8.386890
0.177171, 0.328006, 10.615891
-2.063802, 0.955287, 12.526463
4.826712, -1.359907, 8.350975
-3.995923, 2.011129, 12.516888
2.130839, -0.416591, 9.390060
0.931345, 0.519542, 9.955090
-2.770092, 1.060631, 12.696453
4.730944, -1.513135, 8.485050
-3.536236, 1.668759, 12.603077
1.000776, 0.136469, 9.847351
1.752556, 0.421380, 9.706093
-3.651158, 1.175553, 13.141773
4.422091, -1.323994, 8.279148
-2.691083, 1.654394, 12.193668
-0.687136, 0.447716, 10.778698
2.932898, 0.165200, 9.069237
-4.307169, 1.453280, 12.890385
3.983953, -1.041478, 8.777145
-1.438915, 1.218649, 11.712437
-2.264915, 0.644040, 12.105083
2.734179, 0.521936, 8.731655
-2.351107, 0.969652, 12.014107
0.787692, -0.026336, 9.758766
2.135628, -0.074220, 10.285492
-5.171476, 1.541866, 13.412319
4.434061, -0.143652, 7.740456
-3.009512, 0.945710, 12.512100
-0.146046, 0.258574, 10.275913
2.463634, 0.038307, 9.512165
-4.589685, 0.974440, 13.426685
2.537854, 0.328006, 8.729259
-0.347159, 0.770933, 10.711658
-2.451663, 0.919374, 11.123463
4.651934, -1.156399, 9.105148
-5.592855, 1.553837, 13.486538
2.394202, 0.335188, 8.741230
0.502782, 0.502782, 10.043678
-3.471593, 1.144428, 11.477802
4.381390, -0.955287, 9.052479
-4.175488, 1.213861, 12.864048
0.988805, 0.459687, 9.940727
1.826776, 0.215478, 9.421185
-4.752491, 1.963245, 12.121845
4.991911, -1.096544, 8.506599
-2.612074, 0.665588, 11.949463
-0.691924, 0.804452, 10.828976
2.990358, -0.100556, 8.693348
-4.175488, 1.853112, 12.102692
2.964022, -0.715866, 9.368511
-0.282516, 0.421380, 10.548855
-1.702278, 0.914585, 11.762714
3.351883, -0.560243, 8.825027
0.462081, -0.031125, 10.838551
2.047043, -0.287304, 9.303867
-3.354277, 1.110909, 12.933479
2.791639, -0.416591, 8.544907
-0.969652, 1.273715, 10.388443
-1.599327, 0.593762, 11.769897
3.955221, -0.689530, 8.432377
-3.636793, 1.616086, 13.117832
1.668759, -0.361524, 9.038113
0.940921, 0.708684, 10.271126
-3.416526, 1.079785, 12.277466
5.449203, -1.072602, 7.493853
-3.507505, 1.197101, 13.244724
1.266533, -0.464475, 9.531319
1.223437, 1.082179, 10.055649
-2.810793, 0.960075, 12.059593
4.050989, -0.644040, 8.310276
-2.176330, 0.940921, 12.354080
-0.038307, 0.050278, 10.249577
2.391808, 0.509965, 9.655815
-3.349488, 1.175553, 12.387600
3.512294, -0.193930, 8.295910
-0.842759, 0.639252, 11.686100
-0.320823, -0.040701, 10.687717
2.576161, 0.368707, 9.892841
-2.806005, 1.426944, 11.631031
3.663129, -0.450110, 8.748413
-0.062249, 0.320823, 11.190498
-1.594539, 0.275333, 11.068394
3.837906, 0.119710, 9.682152
-2.964022, 1.058237, 11.913548
1.977611, 0.014365, 9.394848
1.209072, 0.114922, 10.139446
-2.614469, 0.811635, 11.856087
3.366248, -0.076614, 9.773132
-0.828394, 0.588974, 11.228806
-2.030283, 1.345541, 11.410767
4.711790, -0.816423, 8.238449
-4.134787, 1.218649, 13.000515
2.236184, 0.134075, 9.885658
1.630452, -0.031125, 9.950302
-2.932898, 1.347936, 12.023682
3.933674, -0.799664, 8.429985
-1.948880, 0.993594, 11.719620
-0.478840, 0.701501, 11.662159
3.050213, -0.849942, 9.528923
-4.206612, 1.865083, 12.706028
2.820370, -0.268151, 8.748413
-0.016759, 0.493206, 10.754753
-2.008736, 0.864307, 12.780251
2.877831, -0.730232, 9.457096
-3.100492, 1.788469, 11.841721
1.987187, -0.284910, 9.442734
0.045490, 0.816423, 10.254368
-1.728614, 0.919374, 12.083538
3.318364, -0.967257, 9.270348
-3.847483, 1.719037, 12.528858
1.630452, -0.143652, 9.610325
0.770933, 0.648829, 10.053253
-3.299211, 0.902614, 12.861652
4.436457, -1.359907, 8.623917
-3.718196, 1.826776, 12.471397
0.859519, -0.038307, 10.218452
1.740585, 0.560243, 9.595963
-3.955221, 1.130063, 12.938267
-3.450045, 1.211466, 12.698849
2.233790, -0.428562, 9.186554
0.117316, 0.548272, 11.154587
-3.385402, 1.077391, 12.363659
3.871425, 0.088585, 8.243237
-3.112462, 1.063025, 12.490551
0.399832, 0.167594, 9.852142
1.783680, 0.026336, 10.036495
-4.987122, 1.063025, 13.596672
3.885790, -0.165200, 8.271969
-2.300828, 1.022324, 11.666946
-0.373495, 0.332794, 10.371681
2.636016, -0.442927, 9.703701
-5.439627, 1.295263, 13.757084
3.337518, 0.186748, 8.561665
-0.550666, 0.751779, 10.714054
-2.432509, 0.821211, 10.802639
4.754885, -0.998382, 8.686165
-5.523424, 1.350330, 13.639767
3.347095, -0.110133, 8.418015
0.421380, 0.440533, 10.007763
-2.971205, 1.280898, 11.068394
4.175488, -0.720655, 9.021351
-4.462791, 0.869095, 12.902355
1.805228, 0.141258, 9.495403
1.309628, 0.189142, 9.275139
-3.924097, 1.472434, 11.724407
3.904943, -0.864307, 8.930374
-1.690307, 0.545878, 11.461044
-0.423774, 0.687136, 10.888828
3.694254, -0.711078, 8.236053
-4.261679, 1.889025, 11.839329
3.339911, -0.469264, 9.382877
-0.890643, 0.665588, 10.855312
-1.192313, 0.588974, 11.439495
3.756503, -0.715866, 8.358158
-3.306393, 1.948880, 11.449074
0.778116, 0.126893, 10.469845
3.327941, -0.684742, 9.081207
-5.046978, 1.829170, 13.515270
4.510675, -1.007959, 7.580044
-1.072602, 1.297657, 11.276691
-2.882619, 1.065420, 12.145786
5.631163, -0.785298, 7.275980
-4.783615, 1.515530, 13.872005
2.475605, -0.878672, 8.741230
0.991199, 1.031901, 10.268730
-3.689466, 1.376666, 12.236767
5.913679, -1.122880, 7.184999
-3.454833, 1.328782, 13.295002
0.758962, -0.090980, 9.698910
2.794034, 0.457293, 9.507374
-3.665524, 1.379060, 12.284649
3.828329, -0.450110, 8.271969
-1.340753, 0.802058, 11.669338
-0.380678, -0.179565, 10.479420
3.145981, 0.100556, 9.545681
-3.203443, 1.513135, 11.707645
3.816358, -0.524330, 8.676586
-0.665588, 0.600945, 11.312603
-1.503559, -0.019154, 11.492168
3.086126, 0.359130, 9.629478
-3.141192, 1.340753, 11.930309
2.896984, -0.229843, 8.925583
-0.069432, 0.486023, 10.831367
-2.269703, 0.694319, 11.664551
4.299986, -0.354342, 9.155426
-2.542643, 1.015141, 12.023682
-0.146046, 0.730232, 10.259155
2.516306, -0.158017, 9.315838
-4.230555, 0.964863, 12.694057
3.703831, -0.172383, 9.148247
-1.120486, 0.804452, 11.180923
-1.458069, 0.782904, 11.049240
3.912126, -0.584185, 8.750809
-4.144363, 1.211466, 12.583923
2.224214, 0.126893, 10.077194
1.742979, -0.409409, 10.232819
-4.249708, 1.781286, 12.447456
3.883395, -0.507571, 8.078037
-2.157176, 0.897826, 11.959038
-1.192313, 0.725443, 11.906364
3.579332, -0.890643, 9.294292
-5.102043, 2.293645, 12.880806
3.476381, -0.560243, 8.425198
-1.065420, 0.912191, 11.274296
-2.557008, 0.885855, 12.126633
5.075708, -1.388637, 8.319851
-4.965574, 1.977611, 12.818558
1.611298, 0.122104, 9.742008
1.515530, 0.538695, 9.809044
-4.556166, 1.237803, 13.814545
4.867413, -1.424550, 8.128315
-3.217808, 1.570596, 12.385208
-0.749385, 0.519542, 11.310211
2.789246, 0.124499, 9.114727
-4.220978, 1.218649, 13.405136
3.105280, -0.639252, 8.700531
-0.758962, 0.881066, 11.501747
-3.105280, 0.907403, 12.725182
3.588909, 0.014365, 8.540119
-4.410120, 1.405396, 12.873623
2.513912, -0.514753, 9.011776
0.450110, 0.289698, 10.994175
-4.441244, 1.280898, 12.983757
4.247314, -0.141258, 8.240841
-2.794034, 0.905008, 12.184093
-0.689530, 0.445322, 10.275913
3.787627, -0.617704, 9.004593
-6.739677, 1.637634, 14.441826
4.814739, -0.565032, 7.745243
-1.707066, 0.828394, 11.508930
-2.789246, 1.192313, 11.097126
5.303158, -1.139640, 8.286331
-6.758833, 1.632846, 14.585480
3.347095, 0.079009, 8.336609
0.907403, 0.287304, 9.914391
-4.786009, 1.479617, 12.124237
6.083668, -1.338359, 7.876925
-4.074932, 1.326388, 12.725182
0.600945, 0.404620, 10.120293
3.344700, -0.421380, 8.767567
-4.769251, 1.944092, 12.035652
4.534618, -1.039083, 8.556877
-2.023101, 0.727837, 11.573570
-0.749385, 0.577003, 11.322182
2.815581, -0.172383, 8.839394
-3.907337, 1.742979, 11.951855
2.106897, -0.390255, 9.588779
1.180342, 0.014365, 10.093956
-2.700660, 1.331176, 12.301411
3.555389, -0.720655, 8.566452
-2.633622, 1.757344, 11.243172
0.775721, -0.023942, 10.419567
2.327164, -0.074220, 9.239223
-2.858677, 0.936133, 12.581532
2.533066, -0.529119, 9.033325
-0.375890, 1.225832, 10.328587
-2.432509, 0.670377, 12.045231
4.850653, -0.835577, 7.955933
-4.362236, 1.549048, 13.443443
2.643199, -0.651223, 8.463505
1.551443, 0.636858, 10.199299
-4.508282, 1.486799, 12.792221
5.288792, -0.641646, 7.455545
-3.356671, 1.309628, 13.168110
0.672771, -0.349553, 9.485828
2.882619, 0.457293, 9.550472
-4.479551, 1.479617, 12.294228
5.001488, -0.756568, 7.730879
-1.395820, 0.746991, 12.047623
-0.761356, 0.158017, 10.536880
3.627216, 0.308852, 9.138668
-3.124434, 1.173159, 11.939884
2.590527, 0.079009, 8.932766
0.641646, 0.373495, 10.445904
-1.544260, 0.383072, 11.372459
3.169924, 0.107739, 9.720459
-1.869872, 1.082179, 11.027695
0.890643, 0.531513, 9.904812
1.788469, -0.193930, 9.926361
-2.073379, 0.378284, 11.745953
2.944868, 0.227449, 9.947910
-1.577779, 0.931345, 10.946289
0.210690, 0.600945, 10.326191
2.262521, -0.371101, 9.416397
-2.011129, 0.581791, 11.650185
2.011129, 0.258574, 10.122684
0.847548, -0.191536, 10.362106
-2.659958, 1.520318, 11.482594
3.241750, -0.627281, 8.595184
-2.116474, 0.620098, 11.870453
-0.112527, 0.428562, 11.420341
2.956840, -0.624887, 9.088390
-4.431667, 1.924938, 12.677299
3.830723, -0.711078, 8.389282
-1.125275, 0.746991, 11.389217
-2.571373, 1.180342, 12.368446
5.130775, -1.501164, 8.331821
-4.747702, 1.881843, 12.962208
1.544260, -0.102951, 9.442734
1.223437, 0.349553, 10.046070
-3.629610, 1.175553, 13.148956
4.165911, -1.247379, 8.585609
-2.770092, 1.714249, 11.894394
-1.036689, 0.378284, 10.912773
3.052608, -0.112527, 9.169792
-4.163517, 1.278504, 13.110649
2.817976, -0.924162, 9.124302
-0.833182, 1.060631, 11.176136
-2.571373, 0.869095, 12.234371
2.978387, 0.320823, 8.690952
-2.161964, 0.656011, 12.291832
0.574608, -0.299275, 10.127472
1.110909, 0.399832, 10.551247
-3.608063, 1.278504, 12.715607
2.839523, 0.208296, 8.820240
-1.549048, 0.509965, 11.832146
-0.397438, 0.081403, 10.862495
1.568202, 0.385466, 10.247185
-4.211401, 0.921768, 13.227966
2.442086, 0.392649, 9.052479
-0.469264, 0.541090, 10.735600
-1.869872, 0.665588, 11.188107
3.864242, -0.507571, 9.160217
-5.477934, 1.517924, 13.615826
2.217031, 0.402226, 9.224861
0.926556, 0.241814, 10.146626
-3.936068, 1.297657, 12.061989
4.604050, -0.665588, 8.722076
-4.999094, 1.525106, 13.417107
1.400608, 0.316035, 9.921574
1.640028, 0.124499, 9.847351
-4.730944, 1.750162, 11.987770
5.288792, -1.051054, 8.202534
-3.572149, 0.957681, 12.607868
-0.105345, 0.746991, 10.467449
3.342306, -0.308852, 8.822632
-4.402937, 1.515530, 12.387600
2.952051, -0.430956, 9.354145
-1.082179, 0.735020, 10.903194
-1.769315, 0.897826, 11.774685
3.134010, -0.407014, 8.877701
-2.887407, 1.400608, 11.245567
1.371878, -0.131681, 10.132263
0.476446, 0.126893, 10.297462
-3.071761, 1.268927, 12.440273
3.062184, -0.284910, 8.470684
-2.257732, 1.455675, 10.951080
0.368707, 0.079009, 10.654198
1.460463, -0.079009, 9.641449
-2.504335, 1.233014, 12.378025
2.647987, -0.588974, 8.825027
-1.395820, 1.154005, 10.869675
-1.163582, 0.430956, 11.310211
4.151546, -0.670377, 8.219296
-4.656723, 1.369483, 13.637375
2.633622, -0.677559, 8.810661
0.201113, 1.218649, 10.153809
-2.200272, 0.689530, 12.061989
4.352659, -0.517148, 8.025364
-3.950433, 1.381454, 13.345280
0.689530, -0.047884, 9.797073
2.327164, 0.395043, 9.574413
-4.254496, 1.422156, 12.567165
5.250484, -0.737414, 7.249643
-2.650381, 1.170764, 12.500130
-0.268151, -0.057461, 10.096348
3.134010, 0.234632, 9.433155
-4.175488, 1.374272, 12.076355
4.908113, -0.565032, 7.625534
-1.561019, 0.634464, 11.784260
-1.441309, 0.213084, 11.089943
3.792416, 0.090980, 9.050083
-3.224990, 1.108515, 11.798626
2.549825, -0.007183, 8.671799
1.010353, 0.098162, 10.400414
-2.889802, 0.816423, 12.028469
3.878607, -0.260968, 9.303867
-2.032678, 1.058237, 11.353306
1.070208, 0.502782, 9.488220
1.786075, -0.251391, 9.643845
-2.377442, 0.320823, 11.678917
2.590527, -0.062249, 10.048466
-0.256180, 0.481235, 10.235214
-0.883461, 0.854730, 10.709267
3.351883, -0.624887, 8.578426
-2.224214, 0.644040, 12.054806
0.921768, 0.505177, 10.675747
1.103727, -0.299275, 9.993397
-1.309628, 1.233014, 10.867283
2.209848, -0.191536, 9.229649
-0.984017, 0.550666, 11.271904
-0.658406, 0.514753, 11.810596
2.355895, -0.318429, 9.363724
-2.738967, 1.728614, 11.647793
3.404555, -0.591368, 8.762779
-1.793257, 1.058237, 11.233597
-0.988805, 0.663194, 11.853695
3.069366, -0.790087, 9.229649
-3.569755, 1.616086, 12.100296
3.007117, -0.292093, 8.841785
-0.507571, 0.675165, 10.649410
-2.308010, 0.735020, 12.425907
4.596867, -1.331176, 8.516174
-4.496311, 2.197877, 12.401966
2.027889, -0.229843, 9.318233
0.727837, 0.612916, 10.314220
-3.782839, 1.130063, 12.801796
4.469975, -1.175553, 8.516174
-3.014300, 1.742979, 12.131420
-0.258574, 0.138864, 10.587162
2.533066, 0.521936, 9.018959
-3.459621, 1.019930, 12.758701
3.409344, -0.921768, 8.683769
-0.639252, 0.936133, 11.171345
-2.355895, 0.866701, 11.745953
3.430891, 0.387861, 8.401253
-2.731784, 0.581791, 12.557590
1.429338, -0.191536, 9.622295
0.557849, 0.636858, 10.534489
-3.555389, 0.830788, 12.729973
3.536236, 0.105345, 8.633492
-2.334347, 0.938527, 11.923126
-0.368707, 0.225055, 10.330982
3.119645, -0.328006, 9.576809
-5.736507, 1.704672, 13.675682
4.022259, 0.071826, 8.190563
-0.976834, 0.572214, 11.030087
-2.090138, 0.711078, 10.991779
4.491522, -0.574608, 8.734047
-6.057331, 1.541866, 13.860035
3.778050, -0.093374, 8.434772
0.605733, 0.122104, 10.268730
-4.295198, 1.443704, 11.777081
6.052542, -1.168370, 7.881712
-5.781998, 1.379060, 13.764267
1.874660, 0.253785, 9.131485
2.497152, -0.179565, 9.083603
-4.467581, 1.513135, 12.100296
4.359842, -0.883461, 8.777145
-3.062184, 0.974440, 11.997345
0.392649, 0.672771, 10.204086
3.136404, -0.560243, 8.750809
-4.295198, 1.539472, 11.973404
3.703831, -0.651223, 9.045296
-1.656788, 0.586579, 11.255142
-1.790863, 0.859519, 11.717224
4.556166, -0.749385, 7.613562
-4.220978, 1.740585, 11.918339
2.339135, -0.411803, 9.461887
1.156399, -0.215478, 9.689335
-3.620033, 1.493982, 12.943054
4.235342, -1.120486, 7.893684
-2.806005, 1.455675, 11.748348
-0.495600, 0.234632, 10.639832
4.084509, -0.651223, 7.886501
-5.102043, 1.570596, 13.994110
3.811569, -1.084573, 7.996635
-0.572214, 1.268927, 10.747574
-2.147599, 0.682348, 11.707645
5.315128, -0.988805, 7.477093
-5.099649, 1.659182, 13.838486
1.678336, -0.579397, 9.102757
1.642423, 0.531513, 9.813835
-3.969586, 1.127669, 12.643780
4.714184, -0.644040, 7.582438
-2.758121, 1.228226, 12.488155
0.191536, -0.351948, 10.060436
2.923321, 0.184354, 9.320629
-4.343082, 1.496376, 12.430695
5.116409, -0.869095, 7.577650
-2.391808, 1.098938, 12.279861
-0.976834, 0.031125, 10.728420
4.055779, -0.095768, 9.291897
-3.620033, 1.242591, 11.906364
3.162741, -0.450110, 8.370129
0.426168, 0.478840, 10.647015
-3.007117, 0.665588, 12.162544
3.981558, -0.304064, 9.416397
-2.382231, 1.110909, 11.643005
1.074996, 0.325611, 9.370907
2.020706, 0.021548, 9.555260
-3.339911, 0.572214, 12.775463
2.755726, 0.071826, 9.742008
-0.339977, 0.562637, 10.630257
-0.476446, 0.732626, 10.309433
2.327164, -0.213084, 9.526527
-2.403779, 0.852336, 11.894394
1.917756, 0.191536, 10.122684
0.126893, 0.146046, 10.814610
-1.398214, 0.890643, 10.613495
2.375049, -0.028730, 9.176975
-1.654394, 0.577003, 11.401188
0.258574, 0.328006, 11.291058
2.018312, -0.292093, 9.627087
-2.959233, 1.568202, 11.499352
3.861848, -0.632069, 8.195354
-2.391808, 1.204284, 11.566391
-1.546654, 0.826000, 11.774685
5.245697, -1.391031, 8.420406
-5.544971, 2.085350, 13.390770
3.541024, -0.203507, 8.279148
0.814029, 0.639252, 10.342953
-4.776432, 1.355118, 13.670895
6.016630, -1.623269, 7.752426
-3.311181, 1.606510, 12.059593
-0.411803, 0.577003, 10.824188
3.775657, 0.071826, 8.635887
-5.339069, 1.467646, 13.943832
3.311181, -0.586579, 8.611942
0.512359, 0.624887, 10.441113
-3.842694, 1.233014, 12.902355
3.711013, 0.158017, 8.209717
-2.853889, 0.802058, 12.629414
0.895432, -0.047884, 9.713276
2.059013, 0.062249, 9.607933
-4.060566, 1.482011, 12.957420
3.177106, 0.220267, 8.537724
-1.515530, 0.409409, 11.781868
-0.217872, 0.150835, 10.311829
2.506729, -0.074220, 9.346962
-4.829105, 1.352724, 13.297398
3.593698, -0.052672, 8.204929
-1.379060, 0.687136, 11.219231
-1.419762, 0.588974, 10.742783
3.701436, -0.739808, 9.129093
-5.597645, 1.455675, 13.613434
3.107674, 0.251391, 8.374916
0.560243, 0.217872, 10.184933
-3.785233, 1.173159, 11.812992
5.509058, -1.017536, 7.920019
-4.683058, 1.426944, 13.014881
1.460463, 0.371101, 9.253590
2.276886, -0.181959, 9.402031
-4.742914, 1.666365, 12.004528
4.838682, -0.919374, 8.305485
-3.268085, 1.074996, 12.112267
-0.100556, 0.586579, 10.488998
2.451663, -0.263362, 9.088390
-4.139574, 1.496376, 11.884819
2.652776, -0.557849, 9.124302
0.426168, 0.184354, 10.024525
-2.121263, 1.077391, 11.920731
3.603274, -0.703895, 8.406044
-3.282451, 1.470040, 11.611877
0.811635, 0.016759, 10.275913
1.963245, -0.028730, 9.105148
-3.162741, 1.065420, 12.583923
3.648764, -0.859519, 8.367737
-1.807622, 1.472434, 10.680534
-0.744597, 0.189142, 11.233597
4.400543, -0.984017, 8.161835
-4.460398, 1.723825, 13.247120
2.899379, -0.627281, 8.343792
0.031125, 0.890643, 10.572796
-2.475605, 0.715866, 11.841721
5.073313, -0.818817, 7.302317
-4.003105, 1.362301, 13.357254
2.657564, -0.864307, 8.657433
0.921768, 0.902614, 10.235214
-3.811569, 1.041478, 12.351688
6.078878, -1.161188, 6.849812
-3.627216, 1.323994, 13.163322
0.457293, -0.095768, 9.964668
3.028666, 0.416591, 9.469067
-4.163517, 1.079785, 12.840103
4.367023, -0.603339, 8.008606
-1.333570, 0.902614, 11.513718
-1.357512, 0.256180, 11.123463
4.465187, -0.234632, 9.054871
-4.424484, 1.628057, 12.447456
3.624822, -0.378284, 8.137890
0.837971, 0.292093, 10.474632
-3.359065, 0.711078, 12.253525
4.730944, -0.162806, 8.987835
-3.287239, 1.074996, 11.949463
1.472434, 0.232238, 9.457096
2.267309, 0.009577, 9.222466
-3.076550, 0.928950, 12.313381
3.428497, -0.136469, 9.636662
-0.004788, 0.172383, 10.828976
-2.753332, 1.491588, 11.592724
4.876989, -0.742203, 7.884108
-3.677494, 1.082179, 11.769897
-0.641646, 0.672771, 11.724407
3.557784, -1.103727, 8.868122
-4.098873, 1.529895, 12.674904
2.540248, -0.045490, 8.729259
0.859519, 0.215478, 10.565613
-2.286463, 0.900220, 12.871231
3.849876, -1.139640, 8.815453
-3.366248, 1.774104, 12.265495
1.640028, -0.119710, 9.641449
0.617704, 0.519542, 10.388443
-2.612074, 1.048660, 12.607868
3.665524, -0.995988, 9.138668
-2.633622, 1.462857, 12.006924
0.114922, 0.438139, 10.488998
1.584962, 0.577003, 9.655815
-3.308787, 0.993594, 12.806587
3.931279, -1.134851, 8.829815
-2.121263, 1.316811, 11.547237
-1.302446, 0.754174, 11.331757
2.858677, 0.059855, 9.071632
-3.847483, 1.051054, 13.103466
2.317587, -0.466869, 9.186554
0.957681, 0.488417, 10.419567
-4.716578, 1.125275, 13.364433
3.696648, 0.038307, 8.027760
-2.559402, 1.003170, 12.016499
-0.210690, 0.107739, 10.433933
3.665524, -0.476446, 9.160217
-5.700594, 1.742979, 13.644558
2.619257, 0.270545, 8.528145
0.514753, 0.134075, 10.390835
-3.706224, 1.051054, 12.081142
5.161900, -0.881066, 7.943962
-5.389349, 1.580173, 13.496117
1.403002, 0.330400, 9.277531
1.644817, 0.074220, 9.698910
-4.252102, 1.266533, 12.040440
4.651934, -0.988805, 8.540119
-3.600880, 1.180342, 12.835316
-0.466869, 0.940921, 10.228031
2.829947, 0.009577, 8.801086
-4.692635, 1.405396, 12.354080
4.127604, -0.933739, 8.746017
-1.503559, 0.936133, 11.171345
-1.592144, 0.938527, 10.953472
3.754108, -0.478840, 8.480263
-4.175488, 1.596933, 11.920731
2.516306, -0.497994, 9.363724
0.016759, 0.351948, 10.261551
-2.540248, 1.118092, 11.865665
2.913744, -0.318429, 8.525753
-2.676718, 1.218649, 11.295845
0.162806, -0.129287, 10.656593
3.402161, -0.478840, 8.453926
-4.139574, 1.580173, 12.801796
3.524265, -0.653617, 8.350975
-1.860295, 1.331176, 10.769119
-1.235408, 0.205901, 11.556812
4.532225, -0.430956, 7.668629
-4.024652, 1.333570, 13.017277
2.054225, -0.210690, 8.997410
1.098938, 0.854730, 9.552864
-3.948039, 1.003170, 12.677299
6.852205, -1.525106, 6.459557
-5.121199, 1.673547, 13.634979
1.223437, 0.007183, 9.129093
2.614469, 0.344765, 9.378090
-4.639963, 1.180342, 13.010094
5.949593, -0.864307, 6.584055
-2.719813, 1.077391, 12.667721
-1.015141, 0.129287, 10.747574
3.708619, 0.237026, 8.805874
-4.817135, 1.584962, 12.559982
5.621586, -0.912191, 6.950369
-0.794875, 0.486023, 11.571178
-1.831564, 0.608127, 11.049240
4.568136, 0.193930, 8.623917
-4.192247, 1.244985, 12.844894
3.464410, -0.148441, 8.216900
0.845153, 0.311246, 10.216061
-2.082955, 0.656011, 11.372459
4.153940, -0.193930, 9.203312
-2.645593, 0.986411, 11.726799
1.683124, 0.519542, 9.277531
2.552219, -0.284910, 9.397243
-3.136404, 0.821211, 12.303802
3.335123, 0.205901, 9.655815
-1.130063, 0.593762, 10.994175
-0.474052, 0.955287, 10.623074
3.483563, -0.615310, 8.619125
-2.102109, 1.084573, 11.669338
1.661576, 0.203507, 10.472240
1.819593, -0.313640, 9.938332
-3.141192, 1.608904, 12.014107
4.158728, -0.682348, 8.061275
-1.644817, 0.866701, 11.614273
-1.007959, 0.749385, 11.674129
3.213019, -0.584185, 8.798691
-3.102885, 1.580173, 12.296619
3.119645, -0.751779, 8.511387
-0.153229, 0.600945, 10.915165
-2.276886, 1.204284, 12.485764
3.792416, -1.199495, 8.918400
-3.519477, 1.731008, 12.389996
1.620875, -0.028730, 9.361328
1.288081, 0.486023, 9.581596
-2.082955, 0.706290, 12.708424
2.231396, -0.852336, 9.888054
-2.607285, 1.666365, 11.506535
1.098938, -0.251391, 9.782707
1.580173, 0.414197, 9.720459
-2.468422, 0.840365, 12.411541
3.268085, -0.991199, 9.076420
-2.604892, 1.434127, 11.892002
0.459687, -0.035913, 10.230423
1.244985, 0.799664, 9.473858
-2.097321, 0.629675, 12.176910
2.633622, -0.778116, 9.040504
-1.022324, 0.940921, 11.786655
-2.609680, 0.907403, 11.947067
3.579332, 0.160412, 8.573635
-3.727773, 0.897826, 12.837711
1.601721, -0.464475, 9.672577
0.402226, 0.758962, 10.505756
-3.524265, 0.718261, 12.627022
2.525883, 0.368707, 9.054871
-1.580173, 0.821211, 11.178528
-1.007959, 0.476446, 10.941502
3.763685, -0.723049, 9.236832
-5.719748, 1.596933, 13.539211
2.906561, 0.155623, 8.667011
-0.330400, 0.234632, 10.797852
-2.353500, 0.718261, 11.370064
3.655947, -0.502782, 9.162609
-5.164293, 1.376666, 13.455414
2.545036, 0.114922, 9.186554
0.095768, 0.248997, 10.453087
-2.595315, 0.960075, 10.982204
3.663129, -0.754174, 9.397243
-3.971981, 0.986411, 12.849682
1.438915, 0.490811, 9.397243
0.900220, 0.296881, 9.991005
-2.698265, 0.852336, 11.192894
3.366248, -0.814029, 9.332600
-2.901772, 1.003170, 11.801022
0.840365, 0.562637, 10.019733
1.149217, 0.112527, 9.823410
-2.279280, 1.091756, 10.989388
3.220201, -0.605733, 9.323021
-2.746149, 0.744597, 11.760319
1.003170, 0.280122, 10.093956
-0.055067, 0.466869, 10.484211
-0.375890, 0.545878, 9.655815
0.916979, -0.112527, 10.527306
-0.952892, 0.438139, 10.745178
0.684742, 0.248997, 9.818623
-0.598551, 0.392649, 11.130646
0.598551, 0.404620, 9.090786
0.158017, 0.117316, 11.027695
0.246603, 0.531513, 10.184933
0.648829, -0.074220, 10.228031
-1.896208, 0.770933, 12.042835
1.788469, 0.332794, 8.279148
0.134075, 0.174777, 11.334152
-0.270545, 0.641646, 10.627861
0.191536, 0.239420, 10.307037
-0.610522, 0.696713, 11.097126
1.201890, 0.474052, 9.576809
-1.455675, 0.428562, 11.729195
3.584121, -0.148441, 8.394070
-2.636016, 1.388637, 12.227188
1.711854, -0.253785, 9.665394
-0.167594, 0.998382, 10.491394
0.529119, 0.246603, 10.122684
2.839523, -0.062249, 9.114727
-2.832341, 1.084573, 12.243950
2.741361, -0.392649, 9.296684
-2.489970, 1.654394, 12.200851
1.606510, -0.282516, 9.263168
2.126051, 0.129287, 9.737217
-3.136404, 1.618481, 12.555195
4.182671, -0.758962, 8.080429
-3.258509, 1.546654, 13.414715
0.474052, 0.114922, 10.007763
3.634398, -0.205901, 8.532936
-3.327941, 1.438915, 12.986153
3.873818, -0.737414, 7.635111
-2.212242, 1.417367, 13.086708
-0.986411, 0.754174, 10.584766
3.610456, -0.536301, 8.243237
-3.126827, 1.343147, 13.204025
3.957616, -0.483629, 7.204153
-1.790863, 1.084573, 12.648567
-0.737414, 0.476446, 11.006145
1.034295, 0.114922, 9.131485
-0.574608, 0.533907, 11.640610
2.343924, 0.052672, 8.166622
-1.482011, 0.567426, 12.732365
-1.115698, 0.641646, 11.233597
1.173159, 0.124499, 8.920795
0.387861, 0.100556, 11.427525
0.284910, 0.658406, 8.973469
0.067038, 0.430956, 11.477802
-0.866701, 0.603339, 11.532871
-0.823606, 0.272939, 9.794678
3.529054, -0.507571, 9.284714
-1.848324, 1.611298, 10.366894
2.059013, -0.632069, 10.038887
-2.413356, 0.988805, 12.746731
-1.209072, 0.610522, 10.062832
2.796428, -0.253785, 9.607933
-0.756568, 1.055843, 10.601524
0.778116, -0.208296, 10.362106
-1.570596, 0.857124, 12.224796
-2.358289, 0.837971, 10.955868
4.127604, -1.017536, 8.779537
-2.760515, 1.769315, 11.911156
2.183512, -0.471658, 9.761162
-0.265756, 0.598551, 11.226414
-1.996765, 0.756568, 11.578362
1.620875, -0.083797, 10.031704
-1.388637, 1.189919, 10.915165
1.309628, -0.591368, 10.261551
-1.086967, 1.010353, 11.571178
-3.157952, 1.051054, 11.810596
2.267309, -0.612916, 9.684547
-3.110068, 1.606510, 12.615051
1.884237, -0.282516, 9.143456
-0.842759, 0.802058, 11.487381
-2.042254, 0.574608, 12.296619
-1.074996, 0.287304, 11.137829
-0.766145, 0.960075, 10.833763
1.522712, 0.102951, 9.598354
0.112527, 0.282516, 10.019733
-0.373495, 0.385466, 11.741165
-1.161188, 0.902614, 10.625469
3.514688, -0.579397, 8.712502
-2.794034, 1.228226, 12.109875
2.398991, -0.052672, 7.924809
-0.375890, 0.268151, 12.284649
-3.294422, 1.015141, 12.076355
2.145205, -0.160412, 8.901642
-1.240197, 0.984017, 11.518505
3.440468, -0.481235, 7.671022
0.754174, -0.105345, 11.817780
-3.847483, 1.750162, 12.143391
1.553837, -0.110133, 9.421185
-1.606510, 1.005565, 12.294228
3.351883, -0.239420, 7.266403
0.974440, 0.081403, 11.429920
-4.326323, 1.654394, 12.581532
5.015852, -1.331176, 7.374142
-3.126827, 1.446098, 13.299793
-0.560243, 1.067814, 8.786720
3.404555, -0.967257, 9.730038
-0.608127, 0.797269, 10.951080
2.518701, -0.184354, 8.913612
-3.866636, 1.321599, 13.488934
5.049372, -0.483629, 6.861782
-1.312023, 0.268151, 11.949463
0.031125, 0.775721, 10.417171
0.905008, -0.158017, 10.084377
-2.449268, 0.641646, 12.442669
0.316035, 1.082179, 9.464279
1.273715, -0.574608, 10.307037
-0.533907, 0.653617, 11.176136
1.532289, -0.248997, 9.287109
-2.288857, 0.960075, 12.569561
2.073379, 0.356736, 8.815453
-1.177948, 0.119710, 11.362881
4.110844, -0.404620, 8.267178
-3.177106, 1.491588, 12.454639
4.527435, -1.295263, 7.941568
-4.474764, 2.355895, 13.599068
3.557784, -0.814029, 7.524977
0.074220, 0.689530, 11.396400
-0.447716, 0.311246, 10.986992
-0.670377, 0.205901, 10.986992
-1.307234, 1.225832, 11.710041
-0.933739, 0.260968, 10.517727
1.091756, -0.102951, 9.998188
-0.600945, 0.560243, 11.106701
-0.215478, 0.368707, 10.551247
0.486023, 0.462081, 11.389217
-0.878672, 0.543484, 10.611103
2.130839, 0.021548, 9.224861
0.146046, 0.251391, 10.807426
2.925714, -0.718261, 8.434772
-4.893749, 1.793257, 14.362816
-0.459687, 0.196325, 10.357319
0.526724, 0.165200, 9.727642
-2.456451, 0.890643, 12.876019
3.643975, -0.411803, 7.958326
0.981623, 0.399832, 10.726025
-2.061408, 0.761356, 12.385208
-3.519477, 1.132457, 11.650185
1.000776, -0.270545, 10.326191
1.630452, 0.342371, 9.186554
0.933739, 0.160412, 11.195290
-0.780510, 0.794875, 12.047623
-3.394979, 1.233014, 11.037270
1.824382, -0.497994, 10.208878
-0.842759, 1.134851, 10.388443
4.115633, -0.689530, 8.990227
-2.954445, 1.352724, 13.038822
-4.134787, 0.931345, 11.822567
2.094927, -0.339977, 10.070011
0.952892, 0.572214, 9.785103
-0.749385, 0.373495, 11.863270
-2.420538, 0.629675, 11.935097
-1.024718, 0.995988, 10.917561
4.402937, -0.744597, 8.180988
-4.304775, 1.458069, 12.868835
0.059855, 0.026336, 10.675747
5.092466, -0.804452, 8.276756
-6.234501, 2.114080, 13.991714
2.540248, -0.644040, 9.155426
1.577779, 0.165200, 9.497799
-1.884237, 0.893037, 11.913548
0.557849, 0.107739, 9.897629
1.922544, -0.299275, 10.398018
-3.754108, 1.537077, 12.423515
1.189919, 0.251391, 9.232040
2.403779, -0.368707, 10.170570
-4.067749, 1.620875, 12.002132
3.993529, -0.509965, 9.210495
-3.569755, 1.553837, 12.488155
0.995988, 0.050278, 9.392452
2.142811, 0.057461, 10.029312
-3.691859, 1.563414, 11.511322
5.202600, -1.189919, 9.109940
-6.876148, 2.559402, 13.979744
5.753267, -1.089362, 6.655882
-2.820370, 1.549048, 12.811375
0.713472, 0.225055, 8.420406
4.149151, -0.924162, 9.988609
-7.603985, 3.205836, 14.168888
9.002197, -2.346317, 4.850653
-6.066908, 2.621651, 15.231915
4.139574, -0.579397, 5.810728
-1.163582, 0.962469, 13.249512
0.550666, 0.263362, 10.120293
-1.395820, 0.766145, 11.008541
3.411737, -0.512359, 9.033325
-4.517859, 2.193089, 12.174515
6.414066, -1.982399, 7.977482
-4.479551, 2.317587, 13.127411
0.656011, 0.181959, 9.698910
3.241750, -0.486023, 8.801086
-5.844246, 2.621651, 12.878410
8.954315, -2.355895, 5.494694
-7.615957, 3.303999, 15.768215
5.190630, -1.723825, 6.789957
-3.074155, 1.546654, 12.672512
-1.137246, 1.328782, 10.103531
6.244078, -1.742979, 7.149086
-5.008671, 2.319982, 14.408306
2.705448, -0.529119, 8.599972
-0.711078, 0.670377, 10.888828
-1.953669, 1.608904, 12.014107
4.395754, -1.410185, 7.546524
0.529119, 0.945710, 10.632652
-4.764462, 1.568202, 13.709202
4.537012, -1.364695, 7.323864
-2.715025, 1.953669, 12.363659
-1.632846, 0.483629, 11.044453
4.170700, -0.670377, 8.315063
-0.742203, 0.452504, 11.077972
0.418985, 0.502782, 10.110714
-2.923321, 1.771709, 12.576744
3.943251, -1.561019, 7.388508
0.138864, 0.596156, 10.759544
-6.169859, 2.114080, 15.030800
6.521807, -1.912967, 5.564125
1.764527, 0.150835, 10.340557
-4.129997, 1.496376, 12.887989
2.825158, -0.342371, 8.808270
-1.896208, 0.438139, 12.698849
4.417303, -1.072602, 6.890512
-3.567361, 1.975216, 14.018051
-2.425326, 0.624887, 11.516109
4.359842, -1.058237, 7.795521
-2.631227, 0.854730, 12.909538
4.821922, -0.881066, 6.979099
-2.683900, 1.127669, 13.129803
0.016759, 0.325611, 10.802639
0.038307, 0.548272, 9.847351
0.426168, 0.646435, 9.548077
-1.877054, 1.029507, 12.641384
-0.488417, 0.555455, 11.451469
-1.010353, 0.414197, 10.014946
1.850718, -0.294487, 10.031704
0.464475, 0.596156, 9.696518
1.142034, -0.344765, 10.737995
-0.780510, 0.495600, 11.532871
0.086191, 0.411803, 9.210495
2.523489, -0.703895, 9.849747
-0.031125, 0.715866, 10.273521
0.809240, -0.119710, 10.862495
1.120486, 0.325611, 10.421959
-2.157176, 0.974440, 10.975021
4.560955, -1.091756, 8.564060
-2.003947, 1.640028, 11.731590
2.312799, -0.464475, 9.909603
0.952892, 0.229843, 10.465057
-2.806005, 1.333570, 11.762714
6.086061, -1.345541, 7.429209
-2.310405, 1.522712, 12.052414
2.238579, -0.545878, 9.473858
1.987187, 0.304064, 9.662998
-2.750937, 1.515530, 12.629414
5.944803, -1.486799, 7.184999
-3.529054, 1.788469, 12.588715
2.480393, -0.308852, 9.572018
-0.701501, 0.742203, 11.080368
-1.338359, 0.679953, 12.191277
-0.902614, 0.656011, 10.972626
0.567426, 0.639252, 9.943119
-0.993594, 0.442927, 12.097900
-0.694319, 0.395043, 10.352528
-1.802834, 1.055843, 12.411541
-1.357512, 0.720655, 10.948685
1.783680, 0.059855, 9.696518
0.301669, 0.421380, 10.510548
-0.215478, 0.921768, 9.878475
1.046266, 0.323217, 11.235989
-1.798046, 0.737414, 11.152191
2.152388, 0.071826, 8.932766
0.608127, 0.442927, 10.354923
-2.183512, 0.818817, 10.661381
2.853889, -0.584185, 10.321404
-7.539341, 2.434903, 14.063541
5.985504, -1.182736, 6.588844
-1.891419, 0.974440, 12.887989
-0.474052, 0.306458, 9.188946
4.491522, -0.452504, 9.296684
-6.315905, 2.224214, 13.814545
5.523424, -1.302446, 7.311893
-2.221819, 1.508347, 12.342110
-1.223437, 0.763750, 9.478645
3.904943, -0.952892, 9.718063
-6.430826, 2.197877, 14.190434
4.967968, -0.919374, 7.189789
-0.100556, 0.732626, 10.998962
0.119710, 0.428562, 9.102757
2.413356, -0.193930, 10.010159
-4.752491, 1.831564, 13.175293
2.188300, -0.287304, 8.719685
1.335965, 0.390255, 10.522518
-1.941698, 1.434127, 10.122684
5.068525, -0.964863, 8.374916
-5.255274, 1.963245, 14.041996
1.055843, -0.481235, 9.560047
0.093374, 0.677559, 10.642227
0.785298, 0.782904, 9.184158
1.498770, -0.229843, 10.393230
0.002394, 0.732626, 10.362106
-2.643199, 0.938527, 11.911156
1.807622, -0.093374, 9.557655
-0.445322, 0.859519, 10.747574
0.900220, -0.100556, 9.667786
1.537077, 0.476446, 9.854534
-4.216188, 1.015141, 13.194447
2.521094, -0.426168, 9.026142
-0.854730, 1.410185, 11.140221
-0.294487, 0.220267, 10.611103
2.624045, -0.390255, 9.686939
-5.781998, 1.817199, 13.589489
5.940016, -1.010353, 7.048531
-3.512294, 1.642423, 13.632587
0.268151, -0.011971, 9.507374
3.263297, -0.035913, 8.707710
-4.826712, 1.819593, 13.773842
5.164293, -1.551443, 7.589621
-5.058949, 1.951274, 14.618996
1.951274, -0.026336, 8.118736
3.567361, -0.143652, 8.803478
-5.849035, 1.635240, 14.822506
5.394136, -1.029507, 6.517017
-4.606443, 1.956063, 14.475346
1.917756, -0.263362, 9.267956
1.496376, -0.122104, 9.220070
-2.755726, 1.247379, 12.569561
3.201048, -0.459687, 8.623917
-2.152388, 0.600945, 13.460201
-1.786075, 1.391031, 10.632652
3.907337, -0.090980, 7.987059
-2.873042, 0.775721, 13.357254
3.129222, -0.414197, 7.120356
-0.900220, 0.976834, 13.007698
-0.890643, 0.560243, 11.121067
2.353500, -0.438139, 8.418015
-2.205060, 1.096544, 12.643780
2.571373, 0.050278, 8.231266
-0.782904, 0.227449, 12.002132
-1.108515, 0.849942, 12.155361
-0.474052, 0.574608, 9.955090
2.138022, -0.375890, 10.196907
-3.560178, 2.020706, 11.801022
4.534618, -1.434127, 9.437943
-4.738125, 2.094927, 13.788208
0.730232, 0.457293, 9.014172
2.791639, -0.572214, 11.015724
-4.874596, 1.889025, 11.664551
5.667076, -1.070208, 8.238449
-3.383007, 1.149217, 13.532028
0.569820, -0.162806, 9.610325
2.473210, 0.033519, 9.720459
-4.695030, 2.027889, 12.880806
4.036625, -1.395820, 8.904037
