0.227449, -0.543484, 10.302250
-0.351948, -0.684742, 9.885658
0.464475, 0.450110, 9.945515
0.653617, 0.603339, 11.291058
-0.203507, -0.687136, 9.909603
0.608127, -0.375890, 10.939110
-0.272939, -0.723049, 10.311829
0.459687, 0.644040, 10.441113
0.679953, 0.478840, 11.233597
-0.179565, -0.624887, 9.883266
0.526724, -0.407014, 11.113884
-0.122104, -0.574608, 10.441113
0.586579, 1.125275, 10.096348
0.426168, 0.177171, 10.924744
0.002394, -0.689530, 10.817005
0.521936, -0.553061, 10.819397
-0.043096, -0.256180, 10.608707
0.433351, 1.177948, 10.462662
0.471658, -0.361524, 11.245567
0.241814, -0.272939, 10.065224
0.244209, -0.253785, 10.101139
0.023942, -0.167594, 10.479420
0.699107, 1.022324, 10.551247
0.442927, -0.531513, 10.433933
0.196325, -0.395043, 10.445904
0.361524, -0.110133, 10.771515
0.213084, -0.344765, 10.630257
0.679953, 1.292869, 10.520123
0.055067, -0.931345, 10.105927
0.450110, -0.122104, 10.982204
0.366313, -0.227449, 10.409988
0.105345, 0.102951, 10.271126
0.646435, 1.094150, 10.644623
0.225055, -1.254562, 10.213665
0.677559, 0.021548, 10.563217
0.143652, -0.213084, 10.036495
0.256180, 0.155623, 10.319012
0.711078, 0.845153, 10.893620
0.069432, -1.271321, 9.500195
0.428562, 0.483629, 10.850521
0.366313, -0.373495, 10.544064
0.248997, -0.083797, 10.709267
0.598551, 0.658406, 10.893620
-0.270545, -1.249774, 9.967064
0.708684, 0.363919, 11.173740
0.248997, -0.409409, 10.465057
0.043096, 0.217872, 10.240002
0.751779, 0.632069, 11.274296
-0.356736, -1.395820, 9.945515
0.677559, 0.117316, 10.881649
-0.062249, -0.117316, 10.594341
0.203507, 0.311246, 10.244789
0.739808, 0.023942, 11.516109
-0.433351, -1.187524, 9.971851
0.577003, 0.167594, 10.872070
0.126893, -0.184354, 10.467449
0.191536, 0.165200, 10.445904
0.555455, 0.026336, 11.075577
-0.512359, -1.216255, 10.093956
0.632069, 0.153229, 11.070789
0.050278, -0.050278, 10.809822
0.150835, 0.497994, 10.225636
0.553061, -0.117316, 10.939110
-0.248997, -1.204284, 10.184933
0.435745, 0.186748, 11.022903
0.067038, -0.241814, 10.441113
0.318429, 0.519542, 10.409988
0.363919, -0.608127, 11.209652
-0.342371, -0.667982, 10.338165
0.531513, 0.426168, 10.788273
0.172383, -0.366313, 10.230423
0.339977, 0.193930, 10.881649
0.347159, -0.933739, 10.699688
-0.158017, -0.584185, 10.213665
0.569820, 0.146046, 10.766727
-0.040701, -0.275333, 10.716446
0.459687, 0.426168, 10.833763
-0.040701, -0.931345, 10.558430
-0.172383, -0.818817, 10.817005
0.531513, 0.577003, 11.281479
0.043096, -0.359130, 10.220848
0.574608, 0.134075, 10.730812
-0.038307, -1.266533, 10.584766
-0.033519, -0.493206, 10.666168
0.617704, 0.782904, 10.613495
0.095768, -0.325611, 9.868900
0.478840, 0.033519, 11.101913
0.148441, -1.139640, 10.189724
0.098162, 0.021548, 10.395626
0.545878, 0.308852, 10.675747
0.002394, -0.529119, 10.431538
0.701501, 0.026336, 10.946289
-0.031125, -0.873884, 10.160992
0.138864, 0.100556, 10.673351
0.660800, 0.342371, 11.154587
0.021548, -0.407014, 10.014946
0.548272, 0.071826, 11.068394
-0.114922, -0.744597, 10.285492
0.495600, 0.342371, 10.757149
0.557849, 0.323217, 10.546459
-0.256180, -0.318429, 9.722855
0.725443, 0.110133, 11.288662
-0.098162, -0.603339, 9.976639
0.471658, 0.234632, 10.541672
0.464475, 0.359130, 11.006145
-0.191536, -0.821211, 10.369289
0.718261, 0.059855, 11.147404
-0.311246, -0.203507, 10.129868
0.471658, 0.318429, 10.594341
0.567426, -0.040701, 11.195290
-0.138864, -0.160412, 10.309433
0.495600, 0.435745, 10.714054
0.428562, 0.114922, 10.907982
-0.335188, -0.296881, 10.101139
0.663194, -0.009577, 11.293449
-0.033519, -0.404620, 10.223244
0.397438, 0.881066, 10.165779
0.390255, -0.268151, 10.828976
0.081403, -0.368707, 10.292675
0.474052, -0.256180, 10.639832
-0.332794, -0.107739, 10.532093
0.488417, 0.859519, 10.558430
0.387861, -0.483629, 10.991779
0.169988, 0.050278, 10.074802
0.215478, -0.019154, 10.467449
0.100556, -0.021548, 10.393230
0.459687, 0.859519, 10.527306
0.131681, -0.610522, 10.251972
0.122104, -0.074220, 10.491394
0.560243, 0.974440, 10.584766
0.031125, -0.924162, 10.228031
0.450110, -0.189142, 10.637440
0.153229, -0.397438, 10.299858
-0.067038, 0.263362, 10.328587
0.691924, 0.584185, 10.431538
0.079009, -1.268927, 10.096348
0.409409, 0.198719, 10.623074
0.143652, -0.193930, 10.421959
0.208296, 0.112527, 10.235214
0.565032, 0.706290, 11.106701
-0.306458, -1.204284, 9.849747
0.395043, 0.366313, 10.991779
0.256180, -0.371101, 10.228031
0.059855, 0.153229, 10.503365
0.639252, 0.634464, 10.919956
-0.177171, -1.211466, 9.914391
0.586579, 0.239420, 11.001358
-0.011971, -0.378284, 10.465057
0.272939, 0.284910, 10.218452
0.677559, 0.320823, 11.063606
-0.404620, -1.371878, 9.883266
0.560243, 0.141258, 10.905590
0.205901, 0.105345, 10.697292
0.210690, 0.385466, 9.981426
0.567426, -0.047884, 11.255142
-0.246603, -0.928950, 10.000580
0.672771, 0.318429, 10.888828
0.131681, -0.313640, 10.362106
0.251391, 0.301669, 10.409988
0.502782, -0.122104, 11.030087
-0.126893, -0.945710, 10.093956
0.536301, 0.323217, 10.991779
0.265756, -0.114922, 10.757149
0.304064, 0.478840, 10.479420
0.395043, -0.536301, 10.919956
-0.105345, -0.900220, 10.429142
0.569820, 0.215478, 11.092339
0.342371, -0.205901, 10.357319
0.275333, 0.447716, 10.287884
0.462081, -0.871490, 11.233597
-0.153229, -0.713472, 10.321404
0.514753, 0.342371, 10.860100
0.102951, -0.208296, 10.498573
0.426168, 0.318429, 10.666168
0.531513, -1.072602, 10.642227
-0.213084, -0.426168, 10.376472
0.512359, 0.167594, 10.599133
0.174777, -0.117316, 10.867283
0.452504, 0.205901, 10.575188
0.028730, -0.744597, 10.754753
0.009577, -0.555455, 10.771515
0.691924, 0.507571, 11.161770
-0.035913, -0.390255, 10.378864
0.428562, 0.129287, 10.869675
0.253785, -1.000776, 10.584766
0.150835, -0.143652, 10.747574
0.457293, 0.397438, 10.503365
-0.090980, -0.579397, 10.261551
0.739808, 0.316035, 11.295845
-0.122104, -1.185130, 10.065224
-0.043096, 0.148441, 10.747574
0.811635, 0.553061, 10.970234
-0.126893, -0.852336, 10.321404
0.804452, 0.205901, 10.905590
-0.383072, -1.046266, 10.026917
0.272939, 0.158017, 10.778698
0.660800, 0.304064, 11.087547
-0.215478, -0.490811, 10.129868
0.648829, 0.100556, 11.595119
-0.399832, -0.948104, 10.230423
0.409409, 0.067038, 10.817005
0.414197, 0.672771, 10.898407
-0.306458, -0.746991, 9.780315
0.869095, 0.047884, 11.149799
-0.404620, -0.948104, 9.892841
0.399832, 0.253785, 10.395626
0.802058, 0.770933, 10.896011
-0.280122, -0.972046, 10.036495
0.708684, 0.043096, 11.257538
-0.428562, -0.706290, 10.029312
0.469264, 0.486023, 10.496181
0.462081, 0.148441, 11.063606
-0.325611, -0.569820, 9.897629
0.624887, -0.114922, 11.372459
-0.217872, -0.768539, 9.998188
0.560243, 0.754174, 10.625469
0.488417, 0.509965, 10.975021
-0.402226, -0.648829, 10.144234
0.567426, -0.634464, 11.331757
-0.361524, -0.371101, 10.544064
0.435745, 0.840365, 10.496181
0.545878, 0.064643, 10.896011
-0.131681, -0.718261, 10.081985
0.426168, -0.325611, 11.070789
-0.196325, -0.124499, 10.266338
0.694319, 0.902614, 10.386047
0.232238, -0.193930, 11.214443
-0.083797, -0.799664, 10.441113
0.407014, 0.043096, 10.793060
-0.112527, -0.215478, 10.237606
0.612916, 0.981623, 10.948685
0.239420, -0.519542, 10.903194
-0.009577, -0.387861, 10.431538
0.447716, -0.258574, 10.675747
-0.146046, -0.009577, 10.706871
0.905008, 0.708684, 10.553642
0.074220, -0.876278, 10.426750
0.179565, -0.220267, 10.730812
0.440533, -0.081403, 10.730812
0.100556, 0.213084, 10.170570
0.701501, 1.005565, 10.484211
0.052672, -1.154005, 10.395626
0.311246, -0.225055, 10.757149
0.452504, -0.189142, 10.450691
-0.033519, 0.064643, 10.206482
0.758962, 1.000776, 11.202469
0.000000, -1.106121, 9.976639
0.517148, 0.090980, 10.615891
0.174777, -0.071826, 10.290279
0.181959, 0.069432, 10.491394
1.058237, 0.861913, 11.049240
-0.383072, -1.386243, 9.859322
0.521936, -0.397438, 11.092339
0.292093, 0.119710, 10.795456
0.021548, 0.189142, 10.005371
0.761356, 0.531513, 11.245567
-0.347159, -1.268927, 10.096348
0.591368, 0.162806, 11.219231
0.107739, -0.318429, 10.594341
0.100556, 0.311246, 10.117897
0.950498, 0.155623, 11.662159
-0.368707, -1.345541, 9.935936
0.502782, 0.052672, 10.963051
0.232238, 0.189142, 10.769119
0.079009, 0.294487, 10.350136
0.945710, 0.227449, 11.101913
-0.691924, -1.137246, 9.911995
0.773327, -0.057461, 10.898407
0.268151, 0.177171, 10.615891
0.239420, 0.272939, 9.866505
0.622493, -0.122104, 11.444286
-0.450110, -1.398214, 9.935936
0.646435, 0.162806, 10.946289
0.148441, 0.198719, 10.505756
0.299275, 0.538695, 10.235214
0.646435, -0.641646, 11.420341
-0.476446, -1.110909, 10.058041
0.368707, 0.543484, 11.116280
0.141258, 0.100556, 10.675747
0.414197, 0.423774, 10.759544
0.339977, -0.998382, 10.886436
-0.356736, -0.675165, 10.079590
0.677559, 0.119710, 10.515335
0.330400, 0.203507, 10.431538
0.169988, 0.217872, 10.328587
0.272939, -0.785298, 11.003750
-0.397438, -0.943316, 10.096348
0.533907, 0.469264, 11.178528
-0.028730, 0.031125, 10.244789
0.390255, -0.023942, 10.812214
0.210690, -1.304840, 10.761936
-0.421380, -0.799664, 10.395626
0.665588, 0.938527, 10.958263
0.043096, -0.100556, 10.249577
0.497994, -0.165200, 11.073185
-0.220267, -1.113304, 10.733208
-0.287304, -0.246603, 10.594341
0.624887, 0.684742, 10.996571
-0.035913, -0.205901, 10.364498
0.584185, -0.301669, 10.828976
-0.079009, -0.986411, 10.247185
0.184354, -0.234632, 10.321404
0.505177, 0.754174, 11.099522
-0.009577, -0.265756, 9.933544
0.574608, -0.148441, 10.802639
-0.014365, -0.981623, 10.398018
0.146046, -0.040701, 10.907982
0.703895, 0.735020, 10.934319
-0.107739, -0.524330, 9.856930
0.541090, -0.239420, 10.867283
0.007183, -0.634464, 10.280704
0.325611, 0.330400, 10.144234
0.775721, 0.258574, 10.680534
-0.251391, -0.409409, 10.196907
0.859519, -0.155623, 11.063606
-0.241814, -0.553061, 10.043678
0.490811, 0.476446, 10.297462
0.658406, 0.270545, 11.386826
-0.129287, -0.538695, 9.888054
0.596156, -0.361524, 10.790668
-0.155623, -0.548272, 10.160992
0.476446, 0.541090, 10.462662
0.744597, 0.433351, 10.965443
-0.160412, -0.591368, 10.129868
0.433351, -0.287304, 11.147404
-0.033519, -0.390255, 10.759544
0.402226, 0.821211, 10.132263
0.562637, 0.208296, 10.666168
-0.028730, -0.560243, 10.117897
0.639252, -0.325611, 10.771515
0.043096, -0.301669, 10.122684
0.409409, 0.952892, 10.139446
0.636858, -0.304064, 11.322182
0.043096, -0.428562, 10.292675
0.342371, -0.155623, 10.486603
-0.102951, -0.074220, 10.462662
0.684742, 0.861913, 10.855312
0.438139, -0.656011, 10.462662
0.146046, -0.105345, 10.213665
0.354342, -0.359130, 10.563217
0.141258, 0.067038, 10.412384
0.656011, 1.017536, 10.376472
0.004788, -0.672771, 10.479420
0.210690, -0.421380, 10.850521
0.380678, -0.100556, 10.510548
0.000000, 0.320823, 9.849747
0.653617, 1.209072, 10.632652
0.071826, -1.218649, 10.393230
0.349553, -0.301669, 10.711658
0.079009, -0.342371, 10.225636
0.009577, 0.414197, 10.383652
0.828394, 0.689530, 10.828976
-0.158017, -1.194707, 10.043678
0.320823, 0.064643, 10.680534
0.225055, -0.153229, 10.409988
0.280122, 0.023942, 10.139446
0.682348, 0.725443, 10.821793
-0.399832, -1.352724, 10.081985
0.361524, 0.004788, 10.907982
0.232238, -0.335188, 10.706871
0.079009, 0.344765, 10.055649
0.579397, 0.457293, 11.056423
-0.299275, -1.309628, 10.055649
0.545878, 0.454898, 11.228806
-0.110133, -0.311246, 10.386047
0.162806, 0.390255, 10.218452
0.770933, -0.093374, 11.121067
-0.632069, -1.280898, 10.113110
0.608127, 0.043096, 10.828976
0.270545, 0.342371, 10.505756
0.213084, 0.129287, 10.541672
0.462081, 0.158017, 10.960655
-0.380678, -0.866701, 10.254368
0.639252, 0.416591, 10.922348
0.023942, -0.282516, 10.733208
0.289698, 0.399832, 10.479420
0.486023, -0.272939, 11.192894
-0.313640, -1.161188, 10.223244
0.691924, 0.373495, 11.073185
0.251391, 0.059855, 10.515335
0.246603, 0.227449, 10.335770
0.440533, -0.624887, 10.817005
-0.234632, -0.550666, 10.232819
0.840365, 0.526724, 10.967838
0.045490, -0.476446, 10.208878
0.414197, 0.107739, 10.972626
0.428562, -0.778116, 10.711658
-0.246603, -0.270545, 10.323799
0.766145, 0.282516, 10.807426
-0.076614, -0.395043, 10.603920
0.577003, 0.098162, 10.955868
0.284910, -0.653617, 10.314220
-0.189142, -0.445322, 10.457874
0.667982, 0.682348, 11.140221
0.021548, -0.294487, 10.156204
0.553061, 0.038307, 10.979809
0.122104, -1.046266, 10.402805
0.035913, -0.179565, 10.699688
0.888249, 0.579397, 10.848129
-0.232238, -0.720655, 10.005371
0.656011, 0.090980, 11.226414
0.148441, -0.823606, 10.333374
0.007183, 0.363919, 10.481815
0.610522, 0.057461, 11.080368
-0.268151, -0.737414, 10.110714
0.991199, 0.086191, 10.886436
-0.117316, -0.746991, 10.005371
0.225055, 0.160412, 10.457874
0.799664, 0.160412, 10.943897
-0.356736, -0.577003, 9.868900
0.727837, 0.210690, 11.056423
-0.332794, -0.634464, 10.065224
0.438139, 0.000000, 10.752361
0.778116, 0.248997, 10.668564
-0.452504, -0.627281, 9.629478
0.976834, 0.026336, 11.226414
-0.138864, -0.713472, 9.828197
0.440533, 0.428562, 10.275913
0.442927, 0.442927, 10.915165
-0.222661, -0.720655, 10.050858
0.818817, 0.124499, 10.970234
-0.438139, -0.667982, 9.832989
0.550666, 0.550666, 10.536880
0.797269, 0.411803, 11.209652
-0.268151, -0.708684, 9.646240
0.507571, -0.368707, 11.056423
-0.165200, -0.055067, 10.204086
0.519542, 0.256180, 10.510548
0.402226, 0.177171, 10.594341
-0.308852, -0.411803, 10.244789
0.622493, -0.047884, 11.226414
-0.179565, -0.380678, 10.299858
0.531513, 0.684742, 10.465057
0.244209, -0.038307, 10.989388
-0.146046, -0.766145, 10.261551
0.469264, -0.318429, 10.879253
-0.270545, -0.045490, 10.172962
0.600945, 0.656011, 10.692505
0.239420, -0.550666, 10.663776
0.019154, -0.126893, 10.407597
0.177171, -0.028730, 10.623074
0.057461, 0.193930, 10.230423
0.723049, 0.363919, 10.694901
0.098162, -0.742203, 10.283096
0.131681, -0.179565, 10.259155
0.524330, -0.244209, 10.333374
0.035913, 0.335188, 10.206482
0.567426, 0.414197, 10.419567
0.021548, -0.500388, 10.544064
0.407014, -0.234632, 10.776302
0.328006, 0.050278, 10.589554
0.038307, 0.143652, 10.146626
0.720655, 0.505177, 10.611103
0.000000, -1.189919, 10.014946
0.497994, 0.325611, 10.728420
0.375890, 0.052672, 10.127472
0.153229, 0.268151, 10.122684
0.718261, 0.450110, 10.757149
-0.035913, -1.137246, 9.890450
0.545878, 0.390255, 10.776302
0.318429, -0.464475, 10.043678
0.114922, 0.258574, 10.302250
0.667982, 0.507571, 10.879253
-0.126893, -1.118092, 9.718063
0.629675, 0.462081, 10.788273
0.167594, -0.543484, 10.596737
0.354342, 0.342371, 10.086773
0.826000, 0.184354, 10.910378
-0.366313, -1.278504, 10.077194
0.694319, 0.052672, 11.164162
0.184354, 0.196325, 10.235214
0.193930, 0.462081, 9.943119
0.725443, -0.023942, 11.008541
-0.181959, -0.919374, 9.995792
0.687136, 0.201113, 10.805035
0.155623, -0.272939, 10.405201
0.237026, 0.090980, 10.606316
0.694319, 0.208296, 11.106701
-0.454898, -0.962469, 10.012550
0.653617, 0.593762, 11.068394
0.052672, -0.272939, 10.893620
0.392649, 0.469264, 10.244789
0.608127, -0.304064, 11.039665
-0.397438, -0.792481, 10.012550
0.814029, 0.366313, 11.171345
0.205901, -0.122104, 10.278309
0.196325, 0.560243, 10.062832
0.433351, -0.557849, 11.111492
-0.227449, -0.457293, 10.335770
0.758962, 0.232238, 10.496181
-0.004788, -0.098162, 10.304646
0.509965, 0.126893, 10.860100
0.495600, -0.792481, 10.874466
-0.423774, -0.624887, 9.957485
0.656011, 0.418985, 10.867283
0.126893, -0.090980, 10.797852
0.488417, 0.009577, 10.534489
0.090980, -0.816423, 10.587162
-0.129287, -0.426168, 10.354923
0.804452, 0.435745, 10.941502
0.019154, -0.337582, 10.115501
0.277727, 0.251391, 10.747574
0.138864, -1.187524, 10.625469
-0.016759, -0.153229, 10.400414
0.574608, 0.294487, 10.613495
-0.124499, -0.260968, 10.386047
0.562637, -0.071826, 10.769119
0.002394, -1.084573, 10.472240
-0.196325, 0.105345, 10.639832
0.624887, 0.414197, 10.924744
-0.035913, -0.588974, 10.393230
0.488417, -0.100556, 10.805035
-0.102951, -0.993594, 10.261551
0.136469, 0.256180, 10.333374
0.730232, 0.126893, 10.929531
-0.313640, -0.292093, 9.950302
0.531513, 0.138864, 10.850521
-0.134075, -0.706290, 10.031704
0.253785, 0.105345, 10.836159
0.586579, 0.512359, 10.747574
-0.313640, -0.543484, 9.873688
0.881066, -0.251391, 10.972626
-0.117316, -1.017536, 9.933544
0.371101, 0.383072, 10.599133
0.653617, 0.335188, 10.718842
-0.229843, -0.732626, 10.137051
0.617704, -0.045490, 10.975021
-0.244209, -0.478840, 10.326191
0.462081, 0.366313, 10.510548
0.665588, 0.090980, 11.018116
-0.196325, -0.646435, 9.890450
0.727837, 0.100556, 11.061214
-0.110133, -0.735020, 10.053253
0.356736, 0.514753, 10.544064
0.754174, 0.495600, 11.068394
-0.466869, 0.866701, 10.386047
-0.275333, -0.644040, 10.163387
0.677559, -0.320823, 11.312603
-0.287304, -0.217872, 10.206482
0.852336, 0.921768, 10.400414
0.462081, -0.158017, 11.030087
0.009577, -0.481235, 10.402805
0.538695, -0.100556, 10.704475
-0.189142, -0.076614, 10.311829
0.735020, 0.993594, 10.886436
0.361524, -0.387861, 10.553642
0.090980, -0.407014, 10.395626
0.493206, -0.421380, 10.393230
-0.129287, 0.189142, 10.374077
0.916979, 0.840365, 10.484211
0.205901, -0.454898, 10.570400
0.167594, -0.486023, 10.812214
0.433351, -0.040701, 10.747574
-0.067038, 0.105345, 10.139446
0.955287, 0.924162, 10.647015
0.000000, -0.960075, 10.532093
0.308852, -0.481235, 10.553642
0.536301, 0.040701, 10.362106
-0.203507, 0.100556, 10.084377
1.055843, 1.110909, 11.255142
-0.055067, -1.137246, 10.223244
0.220267, -0.193930, 10.737995
0.356736, -0.155623, 10.287884
0.100556, 0.153229, 10.280704
1.201890, 0.727837, 10.759544
-0.486023, -1.333570, 9.617508
0.471658, -0.193930, 11.121067
0.476446, -0.110133, 10.529701
0.033519, 0.318429, 9.868900
0.833182, 0.572214, 11.336544
-0.387861, -1.386243, 10.314220
0.517148, -0.373495, 10.869675
0.232238, 0.316035, 10.455479
-0.138864, 0.225055, 10.144234
0.869095, 0.272939, 11.298237
-0.282516, -1.189919, 9.737217
0.316035, 0.126893, 10.848129
0.363919, -0.129287, 10.783485
0.043096, 0.268151, 10.201694
0.928950, 0.081403, 11.145008
-0.833182, -1.328782, 9.667786
0.667982, 0.081403, 10.793060
0.428562, 0.169988, 10.685322
-0.179565, 0.418985, 9.840168
0.684742, -0.263362, 11.451469
-0.495600, -1.051054, 10.230423
0.624887, -0.155623, 11.135433
0.155623, 0.256180, 10.603920
0.028730, 0.167594, 10.211269
0.811635, -0.402226, 11.516109
-0.679953, -1.089362, 10.314220
0.366313, 0.533907, 10.591949
0.289698, 0.275333, 10.745178
0.229843, -0.146046, 10.388443
0.708684, -0.629675, 10.807426
-0.490811, -0.605733, 9.957485
0.727837, 0.258574, 10.706871
0.399832, -0.150835, 10.869675
0.076614, 0.083797, 10.299858
0.447716, -0.512359, 10.888828
-0.165200, -0.543484, 10.297462
0.672771, 0.366313, 11.137829
0.090980, -0.361524, 10.515335
0.268151, 0.289698, 10.800243
0.562637, -1.158793, 10.924744
-0.423774, -0.354342, 10.443508
0.852336, 0.624887, 10.761936
0.002394, -0.023942, 10.187328
0.603339, -0.239420, 10.699688
0.162806, -0.936133, 10.587162
-0.143652, -0.232238, 10.244789
1.060631, 0.715866, 10.706871
-0.143652, -0.507571, 10.242397
0.744597, 0.021548, 10.998962
-0.011971, -0.890643, 10.311829
-0.086191, -0.090980, 10.465057
1.010353, 0.407014, 11.484985
-0.117316, -0.256180, 10.000580
0.794875, -0.064643, 10.568008
-0.002394, -0.919374, 10.177753
0.088585, -0.045490, 10.807426
0.957681, 0.732626, 10.996571
-0.301669, -0.395043, 9.775524
0.727837, -0.356736, 11.255142
0.026336, -0.790087, 10.254368
0.169988, 0.114922, 10.216061
1.058237, 0.603339, 10.673351
-0.344765, -0.538695, 9.835381
0.826000, -0.160412, 11.176136
-0.160412, -0.440533, 10.005371
0.035913, 0.371101, 10.204086
0.991199, 0.435745, 11.283875
-0.368707, -0.476446, 9.662998
0.782904, -0.505177, 10.776302
-0.234632, -0.428562, 9.993397
0.497994, 0.450110, 10.572796
0.991199, 0.648829, 10.943897
-0.471658, -0.486023, 9.540894
0.557849, -0.495600, 11.013329
-0.031125, -0.150835, 10.663776
0.464475, 0.739808, 10.062832
0.545878, 0.090980, 10.599133
-0.119710, -0.459687, 10.053253
0.541090, -0.514753, 10.967838
-0.205901, 0.112527, 9.959881
0.272939, 0.744597, 10.184933
0.507571, -0.464475, 11.073185
-0.150835, -0.409409, 10.160992
0.335188, -0.313640, 10.850521
-0.191536, 0.217872, 10.426750
0.450110, 0.378284, 11.063606
0.337582, -0.555455, 10.678139
-0.258574, 0.129287, 10.129868
0.569820, -0.234632, 10.754753
-0.158017, 0.107739, 10.141838
0.735020, 0.675165, 10.443508
-0.045490, -0.679953, 10.448296
0.205901, -0.035913, 10.582371
0.536301, -0.205901, 10.244789
-0.179565, 0.435745, 10.120293
0.732626, 0.768539, 10.299858
0.153229, -1.161188, 10.285492
0.414197, -0.126893, 10.436325
0.356736, -0.248997, 10.151417
0.043096, 0.222661, 10.127472
0.809240, 0.469264, 10.699688
0.043096, -1.130063, 10.158600
0.289698, 0.450110, 10.584766
0.502782, -0.237026, 10.240002
0.208296, 0.057461, 10.302250
0.881066, 0.497994, 10.711658
-0.150835, -1.046266, 9.856930
0.495600, -0.177171, 10.692505
0.440533, -0.244209, 10.419567
0.002394, 0.237026, 10.079590
0.751779, 0.553061, 10.872070
-0.055067, -1.134851, 10.129868
0.608127, 0.354342, 10.972626
0.119710, -0.239420, 10.201694
0.418985, 0.742203, 9.018959
-0.272939, -1.991976, 11.006145
-0.284910, -2.181118, 10.036495
2.011129, 3.643975, 10.022129
-0.452504, -3.306393, 11.932701
-0.162806, -0.169988, 12.715607
1.082179, 1.371878, 8.396465
-0.845153, -0.440533, 9.471462
0.979228, -0.627281, 10.151417
-0.445322, 0.976834, 9.840168
0.658406, 0.639252, 10.311829
0.122104, -1.486799, 11.403584
-0.153229, -0.854730, 10.072407
0.826000, 1.857901, 11.259930
0.663194, -1.450886, 10.326191
0.565032, 0.845153, 10.287884
0.174777, -1.230620, 11.180923
-0.517148, -0.837971, 10.591949
0.845153, 0.847548, 11.121067
-0.155623, -0.172383, 10.884041
0.756568, -0.205901, 10.929531
-0.150835, -0.481235, 11.044453
0.196325, -0.852336, 10.259155
0.751779, 0.562637, 10.939110
-0.289698, 0.134075, 9.974243
0.936133, -0.258574, 10.544064
-0.481235, -0.495600, 10.589554
-0.086191, -0.495600, 10.247185
0.802058, 1.015141, 10.972626
-0.107739, -0.253785, 10.333374
0.849942, -0.438139, 10.565613
-0.296881, -0.684742, 10.706871
0.234632, -0.241814, 10.838551
0.814029, 0.761356, 11.262325
-0.375890, -0.557849, 10.388443
0.605733, -0.414197, 11.101913
-0.220267, -0.342371, 10.611103
0.229843, -0.129287, 10.469845
0.610522, 0.438139, 11.006145
-0.181959, -0.732626, 10.043678
0.646435, -0.021548, 10.752361
-0.028730, -0.409409, 9.921574
0.241814, 0.129287, 10.589554
0.600945, 0.569820, 11.180923
-0.177171, -0.744597, 9.770737
0.430956, -0.100556, 10.740391
0.100556, -0.339977, 10.287884
0.363919, 0.215478, 10.611103
0.454898, 0.342371, 11.161770
-0.177171, -0.895432, 10.240002
0.399832, 0.313640, 11.200077
-0.043096, -0.395043, 10.031704
0.363919, 0.158017, 10.146626
0.387861, 0.323217, 11.405979
-0.146046, -0.778116, 10.278309
0.533907, -0.088585, 11.080368
-0.019154, -0.256180, 10.184933
0.363919, 0.112527, 9.945515
0.407014, 0.545878, 11.310211
-0.110133, -0.945710, 9.890450
0.308852, -0.023942, 11.101913
0.122104, -0.399832, 10.448296
0.493206, 0.263362, 9.986217
0.368707, 0.225055, 11.077972
-0.095768, -0.919374, 10.194511
0.478840, 0.179565, 10.994175
0.122104, -0.248997, 10.426750
0.380678, 0.316035, 9.955090
0.344765, 0.198719, 10.924744
0.191536, -0.610522, 10.105927
0.457293, 0.079009, 10.632652
0.098162, -0.299275, 10.280704
0.529119, 0.598551, 10.029312
0.205901, 0.064643, 10.539276
0.344765, -0.565032, 10.256760
0.308852, 0.100556, 10.642227
0.205901, -0.074220, 10.172962
0.770933, 0.677559, 10.053253
-0.040701, -0.426168, 10.596737
0.447716, -0.689530, 10.520123
0.323217, 0.155623, 10.587162
0.208296, 0.088585, 10.359711
0.713472, 0.500388, 10.309433
-0.040701, -0.363919, 10.345345
0.493206, -0.502782, 10.503365
0.294487, 0.124499, 10.568008
0.193930, 0.014365, 10.244789
0.895432, 0.553061, 10.481815
-0.052672, -0.610522, 9.986217
0.385466, -0.198719, 10.690113
0.409409, 0.143652, 10.716446
0.806846, 0.318429, 10.726025
-0.237026, -0.780510, 10.170570
0.354342, -0.011971, 10.771515
0.502782, 0.189142, 10.807426
0.107739, -0.052672, 10.000580
0.780510, 0.409409, 11.197681
-0.138864, -0.845153, 10.065224
0.229843, -0.141258, 10.474632
0.387861, 0.143652, 11.099522
0.177171, -0.007183, 10.041283
0.711078, 0.227449, 11.109097
-0.277727, -0.919374, 9.900024
0.320823, -0.052672, 10.565613
0.533907, 0.512359, 11.077972
0.222661, -0.155623, 9.682152
0.526724, -0.014365, 11.288662
-0.193930, -0.972046, 10.132263
0.452504, 0.241814, 10.529701
0.323217, 0.280122, 11.058819
0.090980, -0.366313, 10.187328
0.337582, 0.162806, 11.374851
-0.095768, -0.694319, 10.292675
0.304064, 0.203507, 10.546459
0.294487, 0.047884, 11.087547
0.260968, -0.117316, 10.192116
0.105345, -0.213084, 11.288662
-0.117316, -0.945710, 10.395626
0.296881, 0.493206, 10.481815
0.337582, 0.409409, 11.145008
0.174777, -0.452504, 10.137051
-0.014365, -0.390255, 11.111492
0.079009, -0.493206, 10.472240
0.225055, 0.155623, 10.498573
0.035913, -0.141258, 10.984596
0.301669, -0.464475, 10.378864
-0.062249, -0.225055, 11.015724
0.114922, -0.751779, 10.536880
0.356736, 0.553061, 10.915165
0.071826, -0.074220, 10.946289
0.469264, -0.620098, 10.515335
-0.146046, -0.632069, 10.702084
0.069432, -0.474052, 10.706871
0.533907, 0.699107, 10.680534
-0.124499, -0.071826, 10.649410
0.497994, -0.667982, 10.563217
-0.035913, -0.397438, 10.570400
0.124499, -0.083797, 10.362106
0.531513, 0.232238, 10.862495
-0.237026, -0.378284, 10.582371
0.536301, -0.318429, 10.838551
-0.129287, -0.476446, 10.477028
0.062249, -0.299275, 10.718842
0.811635, 0.651223, 11.310211
-0.220267, -0.375890, 10.316616
0.610522, -0.565032, 10.915165
-0.138864, -0.723049, 10.500969
0.366313, -0.088585, 10.441113
0.770933, 0.792481, 11.228806
-0.284910, -0.708684, 9.974243
0.572214, -0.177171, 11.073185
-0.016759, -0.457293, 10.259155
0.481235, 0.124499, 10.125080
0.761356, 0.696713, 11.329365
-0.126893, -0.711078, 10.026917
0.565032, -0.215478, 11.128250
-0.107739, -0.541090, 10.419567
0.462081, 0.325611, 10.170570
0.799664, 0.840365, 11.322182
-0.038307, -0.775721, 10.002975
0.320823, -0.414197, 11.226414
0.026336, -0.373495, 10.737995
0.653617, 0.402226, 9.727642
0.624887, 0.720655, 11.422737
-0.038307, -0.993594, 10.067619
0.234632, -0.179565, 11.116280
0.229843, -0.213084, 10.764332
0.438139, 0.397438, 9.672577
0.646435, 0.330400, 11.190498
0.117316, -0.725443, 10.058041
0.215478, -0.287304, 10.843342
0.208296, -0.229843, 10.783485
0.567426, 0.632069, 9.856930
0.519542, 0.328006, 11.166557
0.081403, -1.154005, 10.261551
0.107739, -0.160412, 10.965443
0.275333, -0.007183, 10.685322
0.730232, 0.660800, 9.844959
0.079009, -0.189142, 10.742783
0.251391, -0.873884, 10.568008
0.136469, 0.227449, 10.541672
0.201113, 0.050278, 10.388443
0.699107, 0.474052, 9.799469
0.057461, -0.339977, 10.670959
0.421380, -0.579397, 10.393230
0.100556, 0.162806, 10.457874
0.227449, -0.098162, 10.745178
0.723049, 0.541090, 10.012550
-0.172383, -0.395043, 10.184933
0.337582, -0.519542, 10.570400
0.184354, 0.186748, 10.898407
0.179565, -0.031125, 10.429142
0.735020, 0.445322, 10.465057
-0.328006, -0.646435, 10.084377
0.385466, -0.210690, 10.706871
0.284910, -0.500388, 10.328587
0.222661, 0.325611, 10.958263
0.023942, -0.031125, 10.290279
0.897826, 0.574608, 11.161770
-0.512359, -1.074996, 10.026917
0.354342, -0.220267, 10.690113
0.268151, 0.514753, 11.147404
0.186748, -0.229843, 10.017342
0.687136, 0.198719, 11.161770
-0.423774, -1.134851, 10.230423
0.483629, 0.011971, 10.450691
0.260968, 0.411803, 11.080368
0.162806, -0.265756, 9.955090
0.632069, 0.335188, 11.367672
-0.220267, -0.897826, 10.074802
0.404620, 0.007183, 10.280704
0.301669, 0.148441, 11.077972
0.304064, -0.177171, 9.983822
0.418985, 0.136469, 11.513718
-0.284910, -1.070208, 9.907207
0.541090, 0.347159, 10.295067
0.356736, 0.725443, 11.044453
0.280122, -0.490811, 10.120293
0.172383, -0.179565, 11.516109
-0.126893, -0.933739, 10.302250
0.500388, 0.304064, 10.381260
0.098162, 0.416591, 10.989388
0.454898, -0.347159, 10.342953
0.098162, -0.086191, 11.276691
0.083797, -0.962469, 10.503365
0.414197, 0.375890, 10.503365
0.301669, 0.361524, 10.960655
0.512359, -0.328006, 10.223244
-0.033519, -0.612916, 10.958263
0.052672, -0.773327, 10.558430
0.641646, 0.593762, 10.630257
0.148441, 0.466869, 10.737995
0.430956, -0.847548, 10.498573
0.086191, -0.543484, 11.008541
0.162806, -0.435745, 10.455479
0.507571, 0.299275, 10.881649
-0.076614, -0.040701, 10.809822
0.555455, -0.387861, 10.860100
-0.083797, -0.383072, 10.611103
0.047884, -0.608127, 10.522518
0.730232, 0.593762, 10.986992
-0.059855, 0.064643, 10.254368
0.574608, -0.567426, 10.769119
-0.150835, -0.624887, 10.400414
0.248997, -0.354342, 10.568008
0.749385, 0.701501, 10.876858
-0.210690, -0.311246, 10.050858
0.517148, -0.335188, 10.998962
0.035913, -0.543484, 10.565613
0.251391, -0.198719, 10.505756
0.667982, 0.483629, 11.185711
-0.186748, -0.418985, 10.204086
0.644040, -0.055067, 10.838551
-0.021548, -0.430956, 10.520123
0.186748, -0.169988, 10.381260
0.821211, 0.605733, 11.214443
-0.057461, -0.481235, 9.911995
0.409409, -0.299275, 10.716446
0.098162, -0.227449, 10.436325
0.330400, -0.009577, 10.060436
0.622493, 0.418985, 11.073185
-0.136469, -0.591368, 9.919178
0.399832, 0.031125, 11.226414
0.122104, -0.469264, 10.407597
0.299275, 0.035913, 9.720459
0.687136, 0.409409, 11.259930
-0.102951, -0.723049, 10.187328
0.253785, -0.215478, 11.032482
0.088585, -0.452504, 10.915165
0.407014, 0.203507, 9.852142
0.665588, 0.548272, 10.771515
0.129287, -0.854730, 9.945515
0.100556, -0.260968, 10.754753
0.186748, -0.177171, 10.948685
0.591368, 0.378284, 9.445126
0.234632, 0.150835, 10.637440
0.320823, -0.739808, 10.012550
0.136469, -0.050278, 10.553642
0.193930, -0.100556, 10.608707
0.538695, 0.268151, 10.024525
0.205901, -0.067038, 10.721237
0.351948, -0.517148, 10.125080
0.102951, 0.007183, 10.541672
0.198719, -0.069432, 10.673351
0.591368, 0.373495, 10.081985
0.148441, -0.169988, 10.345345
0.409409, -0.356736, 10.259155
0.189142, 0.126893, 10.608707
0.294487, 0.011971, 10.362106
0.768539, 0.562637, 10.240002
-0.124499, -0.517148, 10.113110
0.407014, -0.378284, 10.613495
0.160412, 0.186748, 10.467449
0.131681, -0.114922, 10.457874
0.761356, 0.339977, 10.601524
-0.052672, -0.617704, 10.263943
0.490811, -0.129287, 10.417171
0.093374, 0.124499, 10.670959
0.220267, -0.002394, 10.548855
0.785298, 0.438139, 11.111492
-0.126893, -0.833182, 9.854534
0.385466, -0.129287, 10.529701
0.335188, 0.318429, 10.881649
0.265756, 0.079009, 10.153809
0.620098, 0.105345, 11.030087
-0.033519, -0.737414, 9.952698
0.471658, 0.287304, 10.508152
0.421380, 0.232238, 10.649410
0.083797, -0.244209, 10.184933
0.596156, 0.033519, 11.264721
0.016759, -0.730232, 10.285492
0.428562, 0.316035, 10.469845
0.234632, 0.098162, 10.869675
0.282516, -0.052672, 10.386047
0.464475, 0.112527, 11.501747
-0.124499, -0.936133, 10.144234
0.569820, 0.284910, 10.479420
0.404620, 0.215478, 10.690113
0.359130, -0.153229, 10.184933
0.268151, -0.251391, 11.417950
0.155623, -0.823606, 9.967064
0.577003, 0.488417, 10.110714
0.253785, 0.308852, 10.891224
0.339977, -0.430956, 10.120293
0.217872, -0.196325, 11.338940
0.241814, -0.644040, 10.417171
0.359130, 0.201113, 10.362106
0.272939, -0.143652, 10.706871
0.426168, -0.213084, 10.359711
-0.069432, -0.229843, 11.202469
0.117316, -0.694319, 10.661381
0.359130, 0.562637, 10.551247
0.033519, -0.074220, 10.594341
0.356736, -0.605733, 10.584766
-0.016759, -0.263362, 10.941502
0.323217, -0.328006, 10.445904
0.294487, 0.256180, 10.527306
-0.210690, -0.497994, 10.620678
0.615310, -0.146046, 10.615891
-0.162806, -0.373495, 10.433933
0.193930, -0.545878, 10.601524
0.509965, 0.531513, 10.939110
-0.208296, -0.337582, 10.417171
0.672771, -0.332794, 10.709267
-0.294487, -0.521936, 10.809822
0.268151, -0.421380, 10.869675
0.272939, -0.253785, 10.481815
0.426168, 0.414197, 10.967838
-0.225055, -0.725443, 10.141838
0.634464, 0.143652, 10.927135
-0.284910, -0.541090, 10.240002
0.265756, -0.366313, 10.532093
0.727837, 0.672771, 11.149799
-0.074220, -0.718261, 9.768345
0.521936, -0.186748, 10.927135
-0.229843, -0.426168, 10.400414
0.373495, 0.023942, 10.635044
0.569820, 0.466869, 11.116280
-0.201113, -0.861913, 9.627087
0.553061, 0.215478, 11.192894
-0.076614, -0.450110, 10.436325
0.486023, 0.124499, 9.876083
0.560243, 0.725443, 11.384430
-0.031125, -0.854730, 9.739613
0.440533, -0.069432, 10.867283
0.002394, -0.275333, 10.647015
0.442927, 0.136469, 10.041283
0.665588, 0.557849, 11.180923
0.158017, -0.919374, 9.742008
0.244209, 0.064643, 11.030087
0.169988, -0.296881, 10.714054
0.636858, 0.440533, 9.890450
0.409409, 0.251391, 11.097126
0.244209, -1.017536, 10.120293
0.203507, 0.205901, 10.931927
0.198719, -0.153229, 10.565613
0.577003, 0.210690, 9.959881
0.452504, 0.028730, 10.953472
0.311246, -0.469264, 9.931149
0.311246, 0.205901, 10.697292
0.122104, -0.141258, 10.503365
0.553061, 0.287304, 10.050858
0.318429, -0.189142, 10.709267
0.332794, -0.603339, 10.079590
0.368707, 0.301669, 10.544064
0.311246, -0.035913, 10.572796
0.670377, 0.366313, 10.005371
0.050278, -0.399832, 10.536880
0.442927, -0.536301, 10.429142
0.375890, 0.497994, 10.649410
0.112527, -0.289698, 10.314220
0.706290, 0.253785, 10.378864
0.033519, -0.328006, 10.354923
0.636858, -0.268151, 10.184933
0.201113, 0.395043, 10.302250
0.203507, -0.181959, 10.733208
0.782904, 0.543484, 10.836159
-0.138864, -0.749385, 9.907207
0.521936, -0.421380, 10.354923
0.244209, 0.375890, 10.706871
0.031125, -0.028730, 10.457874
0.653617, 0.234632, 11.049240
-0.186748, -0.816423, 10.295067
0.514753, 0.138864, 10.656593
0.237026, 0.292093, 10.766727
0.062249, -0.296881, 10.359711
0.653617, 0.275333, 11.374851
-0.098162, -0.842759, 10.177753
0.373495, -0.129287, 10.443508
0.253785, 0.263362, 11.020512
0.095768, -0.110133, 10.043678
0.658406, 0.380678, 11.518505
-0.289698, -1.197101, 10.158600
0.359130, -0.179565, 10.496181
0.418985, 0.531513, 10.828976
0.122104, -0.294487, 9.933544
0.466869, -0.019154, 11.571178
-0.289698, -1.098938, 9.952698
0.435745, 0.265756, 10.541672
0.299275, 0.407014, 11.161770
0.169988, -0.344765, 10.151417
0.332794, 0.107739, 11.710041
-0.095768, -0.936133, 10.084377
0.368707, 0.098162, 10.350136
0.318429, 0.304064, 11.046848
0.375890, -0.090980, 9.964668
0.122104, 0.057461, 11.535263
-0.064643, -1.101333, 10.500969
0.435745, 0.395043, 10.218452
0.488417, 0.407014, 10.666168
0.356736, -0.265756, 10.070011
0.038307, -0.469264, 11.571178
0.143652, -0.857124, 10.460266
0.275333, 0.306458, 10.515335
0.232238, 0.313640, 10.867283
0.500388, -0.500388, 10.340557
-0.021548, -0.407014, 11.178528
0.102951, -0.981623, 10.699688
0.533907, 0.531513, 10.838551
0.270545, 0.263362, 10.828976
0.478840, -0.414197, 10.321404
-0.246603, -0.720655, 11.077972
0.148441, -0.600945, 10.919956
0.670377, 0.507571, 10.534489
0.234632, 0.184354, 10.268730
0.493206, -0.651223, 10.460266
-0.143652, -0.457293, 10.826580
0.299275, -0.325611, 10.802639
0.505177, 0.366313, 10.788273
-0.014365, -0.217872, 10.369289
0.596156, -0.294487, 10.776302
-0.117316, -0.509965, 10.682930
0.225055, -0.512359, 10.843342
0.742203, 0.665588, 11.056423
0.081403, -0.131681, 10.247185
0.512359, -0.555455, 10.615891
-0.093374, -0.414197, 10.632652
0.335188, -0.232238, 10.704475
0.792481, 0.617704, 11.202469
-0.023942, -0.615310, 9.746796
0.636858, -0.210690, 10.927135
-0.107739, -0.383072, 10.467449
0.318429, -0.117316, 10.414780
0.694319, 0.675165, 11.429920
-0.038307, -0.629675, 10.072407
0.409409, -0.131681, 10.986992
-0.122104, -0.541090, 10.726025
0.248997, 0.000000, 10.398018
0.675165, 0.720655, 11.556812
-0.045490, -0.730232, 10.031704
0.205901, -0.294487, 11.133038
0.093374, -0.284910, 10.790668
0.299275, 0.167594, 9.914391
0.629675, 0.471658, 11.367672
0.045490, -0.782904, 10.182541
0.246603, -0.248997, 10.876858
0.086191, -0.325611, 10.702084
0.361524, 0.248997, 9.763554
0.605733, 0.452504, 11.461044
0.131681, -0.933739, 10.038887
0.136469, -0.213084, 10.694901
0.002394, -0.248997, 11.020512
0.454898, 0.387861, 10.105927
0.471658, 0.356736, 11.104309
0.174777, -0.972046, 10.149021
0.067038, -0.100556, 10.690113
0.122104, -0.043096, 10.867283
0.691924, 0.763750, 9.952698
0.004788, -0.347159, 10.941502
0.335188, -0.962469, 10.369289
0.117316, 0.148441, 10.326191
0.071826, 0.057461, 10.333374
0.713472, 0.763750, 10.031704
0.100556, -0.368707, 10.948685
0.397438, -0.861913, 10.570400
-0.035913, -0.102951, 10.359711
0.129287, 0.064643, 10.685322
0.766145, 0.639252, 10.316616
-0.213084, -0.577003, 10.426750
0.474052, -0.672771, 10.536880
0.047884, 0.198719, 10.642227
0.330400, 0.167594, 10.515335
0.723049, 0.608127, 10.814610
-0.284910, -0.948104, 10.228031
0.380678, -0.557849, 10.587162
0.234632, 0.241814, 10.436325
0.167594, 0.095768, 10.235214
0.756568, 0.565032, 11.020512
-0.205901, -0.823606, 10.108318
0.464475, -0.251391, 10.718842
0.203507, 0.110133, 10.601524
0.184354, 0.122104, 10.421959
0.852336, 0.550666, 11.396400
-0.447716, -1.312023, 10.247185
0.440533, -0.459687, 10.484211
0.442927, 0.622493, 10.955868
0.277727, 0.016759, 10.129868
0.605733, 0.232238, 11.410767
-0.186748, -1.039083, 10.314220
0.435745, 0.062249, 10.477028
0.330400, 0.318429, 10.948685
0.246603, -0.102951, 10.151417
0.433351, 0.191536, 11.494564
-0.014365, -0.883461, 10.091560
0.330400, 0.007183, 10.500969
0.459687, 0.311246, 11.171345
0.265756, 0.002394, 9.888054
0.366313, 0.059855, 11.532871
-0.191536, -1.134851, 10.498573
0.569820, 0.193930, 10.584766
0.486023, 0.476446, 10.714054
0.208296, -0.344765, 10.084377
0.213084, -0.038307, 11.597515
-0.038307, -1.027112, 10.599133
0.428562, 0.347159, 10.311829
0.284910, 0.275333, 10.867283
0.454898, -0.428562, 10.235214
0.148441, -0.074220, 11.051636
-0.009577, -0.814029, 10.757149
0.416591, 0.181959, 10.529701
0.256180, 0.253785, 11.003750
0.577003, -0.373495, 10.081985
-0.064643, -0.330400, 10.951080
-0.016759, -0.720655, 10.922348
0.572214, 0.414197, 10.869675
0.052672, 0.021548, 10.644623
0.471658, -0.584185, 10.390835
-0.021548, -0.119710, 11.137829
0.047884, -0.383072, 10.960655
0.505177, 0.086191, 10.946289
-0.038307, -0.146046, 10.544064
0.615310, -0.201113, 10.577583
-0.119710, -0.371101, 10.388443
0.002394, -0.802058, 10.726025
0.723049, 0.550666, 11.087547
-0.110133, -0.232238, 10.139446
0.533907, -0.354342, 10.587162
-0.383072, -0.562637, 10.541672
0.095768, -0.442927, 10.864887
0.775721, 0.600945, 11.113884
-0.263362, -0.526724, 10.146626
0.560243, -0.395043, 10.836159
-0.172383, -0.378284, 10.560825
0.141258, -0.280122, 10.601524
0.562637, 0.517148, 11.511322
-0.129287, -0.505177, 9.979034
0.440533, -0.141258, 10.773907
-0.131681, -0.555455, 10.625469
0.069432, -0.215478, 10.354923
0.785298, 0.881066, 11.554417
-0.081403, -0.545878, 9.775524
0.263362, -0.543484, 10.802639
0.009577, -0.141258, 10.639832
0.162806, 0.067038, 10.170570
0.622493, 0.392649, 11.367672
-0.043096, -0.854730, 10.144234
0.193930, -0.038307, 11.173740
0.045490, -0.418985, 10.591949
0.258574, 0.131681, 9.926361
0.553061, 0.543484, 11.616669
-0.014365, -0.962469, 10.393230
0.189142, -0.378284, 10.783485
0.174777, -0.301669, 10.864887
0.380678, 0.234632, 10.010159
0.519542, 0.241814, 11.240776
0.215478, -0.811635, 10.098743
0.169988, -0.179565, 10.754753
0.217872, 0.110133, 10.721237
0.450110, 0.308852, 9.852142
0.067038, -0.316035, 11.240776
0.373495, -0.893037, 10.381260
0.210690, 0.237026, 10.647015
0.390255, -0.095768, 10.398018
0.423774, 0.143652, 10.022129
0.268151, -0.316035, 11.317390
0.454898, -0.421380, 10.455479
0.213084, 0.225055, 10.520123
0.354342, -0.189142, 10.220848
0.519542, 0.198719, 10.168175
0.246603, -0.442927, 10.445904
0.418985, -0.347159, 10.436325
0.361524, 0.287304, 10.328587
0.378284, 0.052672, 10.376472
0.641646, 0.490811, 10.469845
-0.117316, -0.763750, 10.182541
0.517148, -0.143652, 10.685322
0.318429, 0.189142, 10.445904
0.126893, -0.038307, 10.395626
0.574608, 0.407014, 10.934319
-0.067038, -0.531513, 10.534489
0.603339, 0.093374, 10.745178
0.067038, 0.009577, 10.737995
0.349553, -0.112527, 10.290279
0.663194, 0.548272, 11.255142
-0.210690, -0.921768, 10.235214
0.423774, -0.270545, 10.637440
0.241814, 0.335188, 10.874466
0.169988, -0.074220, 10.062832
0.457293, 0.217872, 11.207260
-0.181959, -0.682348, 10.407597
0.457293, 0.258574, 10.697292
0.270545, -0.095768, 10.714054
0.203507, -0.299275, 10.366894
0.545878, 0.198719, 11.427525
-0.146046, -0.749385, 10.115501
0.385466, 0.275333, 10.874466
0.177171, -0.172383, 11.192894
0.205901, 0.014365, 10.244789
0.383072, 0.184354, 11.276691
-0.328006, -0.924162, 10.278309
0.339977, 0.184354, 10.601524
0.301669, 0.172383, 10.915165
0.268151, -0.117316, 9.756371
0.102951, 0.031125, 11.477802
-0.038307, -0.806846, 10.323799
0.253785, 0.371101, 10.462662
0.229843, 0.026336, 10.936714
0.260968, -0.172383, 10.319012
0.038307, -0.074220, 11.434708
-0.031125, -0.897826, 10.570400
0.184354, 0.220267, 10.690113
0.093374, 0.217872, 11.118675
0.404620, -0.349553, 10.249577
-0.225055, -0.280122, 11.168953
0.035913, -0.730232, 10.759544
0.344765, 0.433351, 10.939110
0.191536, -0.122104, 10.625469
0.342371, -0.411803, 10.187328
-0.124499, -0.332794, 11.080368
0.090980, -0.359130, 10.749966
0.299275, 0.167594, 10.828976
-0.021548, -0.371101, 10.778698
0.581791, -0.277727, 10.405201
-0.186748, -0.440533, 10.644623
0.263362, -0.656011, 10.975021
0.292093, 0.574608, 11.106701
0.011971, -0.256180, 10.642227
0.572214, -0.411803, 10.637440
-0.229843, -0.646435, 10.517727
0.253785, -0.325611, 10.927135
0.442927, 0.560243, 11.058819
-0.045490, -0.500388, 10.371681
0.553061, -0.380678, 10.733208
-0.033519, -0.251391, 10.297462
0.378284, -0.165200, 10.781090
0.402226, 0.387861, 11.113884
-0.071826, -0.627281, 10.165779
0.665588, -0.114922, 10.630257
0.016759, -0.387861, 10.292675
0.316035, -0.153229, 10.759544
0.574608, 0.610522, 11.322182
-0.124499, -0.627281, 10.196907
0.500388, -0.179565, 10.793060
0.038307, -0.349553, 10.378864
0.299275, 0.102951, 10.623074
0.617704, 0.536301, 11.178528
-0.150835, -0.835577, 10.137051
0.646435, -0.002394, 11.140221
0.064643, -0.193930, 10.177753
0.332794, -0.076614, 9.844959
0.557849, 0.758962, 11.511322
-0.203507, -0.799664, 10.132263
0.624887, -0.126893, 11.149799
-0.052672, -0.481235, 10.565613
0.521936, 0.172383, 10.163387
0.560243, 0.687136, 11.473015
-0.052672, -1.098938, 10.024525
0.402226, -0.088585, 11.176136
0.138864, -0.280122, 10.802639
0.481235, 0.380678, 9.856930
0.426168, 0.351948, 11.365276
0.153229, -1.041478, 10.280704
0.339977, 0.136469, 11.087547
0.136469, -0.344765, 10.359711
0.517148, 0.519542, 9.706093
0.318429, 0.258574, 11.283875
0.198719, -0.823606, 10.285492
0.222661, 0.028730, 10.599133
0.126893, -0.162806, 10.541672
0.569820, 0.452504, 9.809044
0.232238, 0.043096, 11.137829
0.220267, -0.873884, 10.326191
0.059855, 0.189142, 10.828976
0.232238, -0.067038, 10.577583
0.636858, 0.553061, 10.122684
0.023942, -0.399832, 10.907982
0.385466, -0.897826, 10.658985
0.184354, 0.330400, 10.529701
0.181959, -0.107739, 10.445904
0.648829, 0.720655, 10.295067
-0.129287, -0.469264, 10.548855
0.323217, -0.581791, 10.575188
0.081403, 0.011971, 10.503365
0.114922, -0.050278, 10.433933
0.768539, 0.555455, 10.611103
-0.284910, -0.612916, 10.127472
0.323217, -0.478840, 10.623074
0.179565, 0.292093, 10.675747
0.119710, 0.059855, 10.409988
0.632069, 0.354342, 11.087547
-0.428562, -0.790087, 10.570400
0.373495, -0.363919, 10.656593
0.258574, 0.284910, 10.977417
0.069432, -0.047884, 10.417171
0.572214, 0.272939, 11.123463
-0.203507, -0.579397, 10.079590
0.304064, -0.215478, 10.565613
0.289698, 0.050278, 11.123463
0.105345, -0.074220, 10.230423
0.708684, 0.328006, 11.269508
-0.423774, -1.235408, 10.196907
0.347159, -0.179565, 10.836159
0.502782, 0.588974, 11.317390
0.184354, -0.160412, 9.979034
0.423774, 0.090980, 11.432312
-0.239420, -0.960075, 10.431538
0.342371, 0.191536, 10.737995
0.316035, 0.198719, 11.204865
0.248997, -0.296881, 10.182541
0.407014, 0.059855, 11.607090
-0.138864, -0.916979, 10.405201
0.165200, 0.112527, 10.534489
0.430956, 0.325611, 11.439495
0.294487, -0.213084, 9.935936
0.265756, -0.234632, 11.271904
-0.076614, -0.845153, 10.500969
0.363919, 0.184354, 10.699688
0.519542, 0.349553, 11.329365
0.153229, -0.629675, 9.885658
0.136469, -0.186748, 11.559208
0.071826, -0.684742, 10.745178
0.320823, 0.371101, 10.896011
0.184354, -0.069432, 11.140221
0.339977, -0.426168, 10.321404
0.031125, -0.162806, 11.101913
0.038307, -0.864307, 10.718842
0.505177, 0.514753, 10.809822
0.201113, 0.244209, 11.025299
0.533907, -0.519542, 10.460266
-0.203507, -0.627281, 10.972626
0.155623, -0.648829, 10.874466
0.553061, 0.766145, 10.857704
0.038307, -0.114922, 10.668564
0.514753, -0.744597, 10.740391
-0.158017, -0.347159, 11.020512
0.201113, -0.462081, 11.032482
0.507571, 0.445322, 11.054031
-0.095768, -0.227449, 10.766727
0.610522, -0.488417, 10.714054
-0.196325, -0.639252, 10.680534
0.143652, -0.548272, 10.769119
0.696713, 0.931345, 11.259930
-0.045490, -0.354342, 10.204086
0.641646, -0.651223, 10.862495
-0.227449, -0.603339, 10.445904
0.347159, -0.246603, 10.479420
0.713472, 1.115698, 11.377247
-0.246603, -0.723049, 10.261551
0.577003, -0.502782, 11.252750
-0.165200, -0.428562, 10.386047
0.237026, 0.126893, 10.163387
0.617704, 0.830788, 11.602303
-0.122104, -0.711078, 10.354923
0.356736, -0.466869, 11.221622
-0.253785, -0.533907, 10.524910
0.325611, 0.220267, 10.046070
0.684742, 1.086967, 11.671734
-0.184354, -0.984017, 10.034100
0.129287, -0.600945, 11.087547
0.134075, -0.270545, 10.785881
0.464475, 0.359130, 9.643845
0.517148, 0.610522, 11.583149
-0.129287, -1.017536, 10.247185
0.114922, -0.363919, 11.149799
0.246603, -0.258574, 10.536880
0.342371, 0.442927, 9.816227
0.390255, 0.450110, 11.693283
0.059855, -1.204284, 10.263943
0.031125, -0.237026, 11.123463
0.148441, -0.244209, 10.656593
0.447716, 0.488417, 9.931149
0.294487, 0.227449, 11.276691
0.074220, -1.060631, 10.438721
0.064643, -0.059855, 10.790668
0.208296, -0.052672, 10.623074
0.615310, 0.459687, 9.528923
0.083797, -0.222661, 10.977417
0.296881, -0.893037, 10.453087
0.225055, 0.047884, 10.429142
0.272939, -0.026336, 10.711658
0.622493, 0.462081, 10.187328
-0.117316, -0.335188, 10.498573
0.339977, -0.462081, 10.541672
0.160412, 0.205901, 10.864887
0.337582, 0.023942, 10.591949
0.823606, 0.632069, 10.807426
-0.272939, -0.706290, 10.072407
0.497994, -0.521936, 10.678139
0.253785, 0.299275, 10.728420
0.143652, -0.062249, 10.407597
0.780510, 0.581791, 11.061214
-0.227449, -0.629675, 10.170570
0.418985, -0.083797, 10.706871
0.186748, -0.107739, 11.054031
0.287304, -0.114922, 10.529701
0.785298, 0.402226, 11.034878
-0.339977, -1.161188, 10.081985
0.454898, -0.280122, 10.797852
0.323217, 0.481235, 11.358093
0.225055, -0.011971, 10.089165
0.694319, 0.222661, 10.960655
-0.234632, -0.991199, 10.101139
0.478840, -0.007183, 10.414780
0.426168, 0.213084, 11.303028
0.213084, -0.172383, 10.170570
0.567426, 0.294487, 11.477802
-0.129287, -0.766145, 9.962273
0.318429, 0.055067, 10.584766
0.373495, 0.244209, 11.341335
0.359130, -0.179565, 10.242397
0.359130, 0.064643, 11.405979
-0.328006, -1.199495, 10.259155
0.447716, 0.284910, 10.651806
0.215478, 0.481235, 11.099522
0.272939, -0.251391, 10.218452
0.196325, -0.189142, 11.204865
0.028730, -0.888249, 10.625469
0.428562, 0.215478, 10.548855
0.114922, 0.160412, 10.934319
0.399832, -0.277727, 10.268730
0.086191, -0.306458, 11.202469
-0.019154, -0.986411, 10.675747
0.399832, 0.502782, 10.709267
0.138864, 0.337582, 11.070789
0.569820, -0.577003, 10.462662
-0.179565, -0.584185, 10.898407
0.131681, -0.703895, 10.783485
0.433351, 0.502782, 10.797852
0.023942, 0.050278, 10.867283
0.344765, -0.708684, 10.764332
-0.062249, -0.430956, 10.927135
0.160412, -0.323217, 10.546459
0.385466, 0.205901, 10.879253
-0.122104, -0.227449, 10.649410
0.517148, -0.550666, 10.773907
-0.093374, -0.464475, 10.319012
0.069432, -0.555455, 10.838551
0.636858, 0.658406, 10.994175
-0.148441, -0.344765, 10.232819
0.682348, -0.505177, 10.824188
-0.213084, -0.610522, 10.694901
0.208296, -0.256180, 10.790668
0.591368, 0.612916, 10.915165
-0.284910, -0.553061, 10.307037
0.569820, -0.328006, 11.097126
-0.081403, -0.277727, 10.295067
0.299275, -0.237026, 10.484211
0.577003, 0.577003, 11.293449
-0.172383, -0.500388, 10.242397
0.586579, -0.215478, 10.869675
-0.021548, -0.363919, 10.342953
0.050278, -0.268151, 10.153809
0.818817, 0.660800, 11.475410
-0.277727, -0.574608, 10.038887
0.507571, -0.399832, 11.240776
0.131681, -0.371101, 10.570400
0.280122, -0.038307, 10.000580
0.754174, 0.404620, 11.312603
-0.186748, -0.847548, 10.319012
0.469264, 0.016759, 11.477802
0.208296, -0.426168, 10.742783
0.342371, 0.112527, 9.581596
0.725443, 0.509965, 11.358093
0.047884, -0.641646, 10.146626
0.450110, -0.153229, 10.970234
0.201113, -0.430956, 10.740391
0.507571, 0.347159, 9.653423
0.596156, 0.509965, 10.994175
0.248997, -0.840365, 10.065224
0.325611, -0.076614, 10.718842
0.375890, -0.124499, 10.716446
0.775721, 0.363919, 9.629478
0.366313, 0.043096, 11.073185
0.347159, -0.706290, 10.345345
0.248997, -0.033519, 10.771515
0.342371, -0.031125, 10.706871
0.557849, 0.181959, 9.909603
0.284910, -0.076614, 10.828976
0.442927, -0.533907, 10.251972
0.234632, 0.067038, 10.584766
0.366313, -0.141258, 10.656593
0.603339, 0.397438, 9.900024
0.146046, -0.220267, 10.333374
0.375890, -0.354342, 10.445904
0.217872, 0.100556, 10.558430
0.414197, -0.052672, 10.632652
0.600945, 0.301669, 10.400414
-0.110133, -0.486023, 10.278309
0.423774, -0.210690, 10.668564
0.107739, 0.251391, 10.690113
0.062249, -0.093374, 10.613495
0.624887, 0.483629, 11.087547
-0.155623, -0.423774, 10.199299
0.387861, -0.296881, 10.426750
0.119710, 0.028730, 10.848129
0.210690, 0.019154, 10.551247
0.548272, 0.378284, 10.797852
-0.213084, -0.763750, 9.871296
0.342371, -0.062249, 10.718842
0.196325, 0.289698, 11.097126
0.198719, -0.169988, 10.292675
0.459687, 0.112527, 11.245567
-0.198719, -0.919374, 10.132263
0.407014, 0.189142, 10.642227
0.098162, 0.253785, 11.173740
0.055067, -0.239420, 10.611103
0.339977, -0.009577, 11.250355
-0.007183, -0.632069, 10.163387
0.294487, 0.361524, 10.771515
0.138864, -0.079009, 11.183315
0.301669, -0.107739, 10.228031
0.265756, -0.076614, 11.171345
-0.064643, -0.955287, 9.837776
0.490811, 0.239420, 10.295067
0.227449, 0.569820, 11.204865
0.189142, -0.416591, 10.036495
0.205901, -0.193930, 11.156982
0.074220, -0.830788, 10.180145
0.428562, 0.342371, 10.455479
0.134075, -0.141258, 11.018116
0.349553, -0.445322, 10.283096
0.134075, -0.011971, 11.367672
0.100556, -0.854730, 10.635044
0.244209, 0.438139, 10.599133
0.141258, 0.011971, 11.073185
0.505177, -0.380678, 10.213665
-0.086191, -0.270545, 11.063606
0.246603, -0.701501, 10.441113
0.404620, 0.620098, 10.556034
0.057461, -0.031125, 10.723629
0.399832, -0.505177, 10.500969
0.035913, -0.282516, 10.996571
0.351948, -0.256180, 10.462662
0.335188, 0.210690, 10.697292
-0.165200, -0.402226, 10.694901
0.493206, -0.354342, 10.723629
-0.105345, -0.272939, 10.958263
0.196325, -0.732626, 10.766727
0.562637, 0.512359, 11.066002
0.004788, -0.138864, 10.532093
0.701501, -0.464475, 10.793060
-0.131681, -0.725443, 10.553642
0.414197, -0.541090, 10.668564
0.639252, 0.821211, 10.809822
-0.263362, -0.512359, 10.137051
0.703895, -0.356736, 11.037270
-0.107739, -0.495600, 10.342953
0.538695, -0.344765, 10.460266
0.730232, 0.622493, 10.948685
-0.148441, -0.416591, 10.216061
0.835577, -0.256180, 10.972626
-0.225055, -0.632069, 10.326191
0.351948, -0.220267, 10.658985
0.770933, 0.785298, 11.101913
-0.165200, -0.493206, 10.120293
0.579397, -0.359130, 11.056423
-0.105345, -0.543484, 10.548855
0.533907, -0.019154, 10.041283
0.785298, 0.933739, 11.106701
-0.117316, -0.794875, 9.890450
0.529119, -0.186748, 11.492168
0.014365, -0.383072, 10.618286
0.306458, 0.071826, 9.749191
0.703895, 0.727837, 11.317390
-0.181959, -0.818817, 10.046070
0.387861, -0.138864, 11.303028
0.002394, -0.553061, 10.800243
0.502782, 0.251391, 10.089165
0.622493, 0.735020, 11.422737
-0.038307, -1.194707, 10.010159
0.253785, -0.150835, 11.195290
0.088585, -0.158017, 10.759544
0.598551, 0.258574, 10.007763
0.287304, 0.184354, 11.231201
0.105345, -0.962469, 10.137051
0.258574, 0.203507, 10.876858
0.227449, -0.258574, 10.426750
0.495600, 0.275333, 9.789890
0.260968, -0.074220, 11.228806
0.138864, -0.816423, 10.261551
0.162806, 0.055067, 10.809822
0.270545, -0.184354, 10.632652
0.442927, 0.256180, 9.919178
0.196325, -0.227449, 10.979809
0.079009, -0.744597, 10.441113
0.227449, 0.390255, 10.929531
0.237026, -0.339977, 10.558430
0.502782, 0.390255, 10.038887
0.011971, -0.423774, 10.362106
0.426168, -0.574608, 10.388443
0.342371, 0.411803, 10.436325
0.146046, -0.270545, 10.666168
0.763750, 0.560243, 10.608707
-0.114922, -0.488417, 10.139446
0.517148, -0.610522, 10.249577
0.158017, 0.165200, 10.716446
0.102951, -0.143652, 10.876858
0.715866, 0.404620, 10.776302
-0.210690, -0.629675, 10.240002
0.407014, -0.282516, 10.658985
0.260968, 0.193930, 10.817005
0.217872, -0.138864, 10.647015
0.770933, 0.251391, 10.975021
-0.181959, -0.830788, 10.201694
0.541090, -0.421380, 10.539276
0.335188, 0.471658, 11.034878
-0.023942, -0.316035, 10.338165
0.706290, 0.371101, 11.192894
-0.158017, -0.677559, 9.935936
0.493206, 0.014365, 10.615891
0.210690, 0.031125, 11.006145
0.193930, -0.251391, 10.433933
0.703895, 0.306458, 11.417950
-0.363919, -1.312023, 9.957485
0.428562, 0.052672, 10.687717
0.395043, 0.672771, 11.358093
0.181959, -0.079009, 10.196907
0.541090, -0.112527, 11.482594
-0.201113, -1.015141, 10.007763
0.531513, 0.100556, 10.381260
0.275333, 0.562637, 11.293449
0.325611, -0.160412, 10.232819
0.418985, -0.047884, 11.599907
-0.040701, -1.060631, 10.400414
0.308852, 0.090980, 10.309433
0.545878, 0.493206, 11.346123
0.435745, -0.136469, 9.995792
0.237026, -0.263362, 11.714828
-0.095768, -1.285686, 10.414780
0.462081, 0.390255, 10.611103
0.450110, 0.866701, 11.190498
0.169988, -0.541090, 10.362106
0.122104, -0.476446, 11.671734
0.179565, -0.883461, 10.496181
0.416591, 0.474052, 10.625469
0.272939, 0.136469, 10.879253
0.363919, -0.308852, 10.474632
0.045490, -0.481235, 11.209652
0.009577, -0.945710, 10.694901
0.615310, 0.466869, 10.606316
0.304064, 0.507571, 10.630257
0.562637, -0.706290, 10.515335
-0.227449, -0.876278, 11.025299
0.150835, -0.723049, 10.975021
0.677559, 0.706290, 10.359711
0.045490, 0.131681, 10.433933
0.462081, -0.751779, 10.881649
-0.153229, -0.639252, 10.905590
0.201113, -0.328006, 10.800243
0.495600, 0.476446, 10.761936
-0.047884, -0.129287, 10.510548
0.452504, -0.440533, 10.740391
-0.079009, -0.646435, 10.412384
0.079009, -0.478840, 10.737995
0.828394, 0.883461, 11.130646
-0.162806, -0.203507, 9.952698
0.433351, -0.648829, 10.675747
-0.138864, -0.517148, 10.474632
0.246603, -0.229843, 10.536880
0.701501, 0.756568, 11.087547
-0.294487, -0.600945, 10.160992
0.409409, -0.387861, 11.152191
-0.076614, -0.521936, 10.575188
0.225055, -0.067038, 10.029312
0.766145, 0.749385, 11.348518
-0.258574, -0.768539, 10.225636
0.392649, -0.418985, 11.111492
-0.263362, -0.550666, 10.862495
0.196325, 0.038307, 10.105927
0.770933, 0.986411, 11.276691
0.033519, -0.766145, 10.050858
0.155623, -0.550666, 10.862495
0.124499, -0.354342, 10.852917
0.392649, 0.356736, 9.665394
0.665588, 0.538695, 11.370064
-0.014365, -0.775721, 9.979034
0.150835, -0.306458, 10.994175
0.146046, -0.143652, 10.855312
0.375890, 0.146046, 9.914391
0.634464, 0.447716, 11.336544
0.174777, -0.768539, 10.115501
0.167594, -0.275333, 10.723629
0.093374, -0.263362, 10.917561
0.572214, 0.536301, 9.967064
0.462081, 0.287304, 10.912773
0.272939, -0.909797, 10.134655
0.158017, -0.100556, 10.737995
0.371101, 0.055067, 10.678139
0.737414, 0.696713, 9.849747
0.141258, -0.227449, 10.852917
0.363919, -0.962469, 10.481815
0.129287, 0.050278, 10.376472
0.253785, 0.011971, 10.888828
0.746991, 0.596156, 10.139446
0.134075, -0.390255, 10.678139
0.512359, -0.696713, 10.378864
0.055067, -0.009577, 10.491394
0.342371, 0.189142, 10.970234
0.792481, 0.483629, 10.522518
-0.071826, -0.435745, 10.081985
0.366313, -0.694319, 10.261551
0.284910, 0.124499, 10.472240
0.316035, 0.239420, 10.582371
0.811635, 0.371101, 10.637440
-0.174777, -0.806846, 10.007763
0.459687, -0.258574, 10.505756
0.232238, 0.237026, 10.594341
0.086191, -0.031125, 10.536880
0.730232, 0.426168, 11.077972
-0.124499, -0.936133, 10.232819
0.469264, -0.241814, 10.551247
0.227449, 0.227449, 10.898407
0.177171, 0.205901, 10.601524
0.689530, 0.308852, 11.283875
-0.332794, -1.118092, 10.093956
0.421380, -0.007183, 10.647015
0.325611, 0.452504, 11.020512
0.148441, 0.067038, 10.184933
0.495600, -0.011971, 11.355698
-0.253785, -1.000776, 10.115501
0.421380, 0.129287, 10.299858
0.304064, 0.440533, 11.188107
0.102951, -0.222661, 10.168175
0.344765, 0.016759, 11.544842
-0.081403, -0.900220, 10.350136
0.220267, 0.095768, 10.737995
0.378284, -0.009577, 10.845734
0.275333, -0.114922, 10.180145
0.191536, -0.081403, 11.628639
-0.301669, -1.197101, 10.692505
0.323217, 0.330400, 10.206482
0.325611, 0.574608, 10.843342
0.251391, -0.474052, 10.149021
0.076614, -0.198719, 11.291058
0.014365, -0.830788, 10.692505
0.368707, 0.342371, 10.424355
-0.035913, -0.004788, 10.781090
0.457293, -0.284910, 10.304646
-0.059855, -0.251391, 11.125854
0.016759, -0.969652, 10.742783
0.471658, 0.399832, 10.737995
-0.026336, 0.143652, 10.843342
0.541090, -0.435745, 10.448296
-0.265756, -0.577003, 11.178528
-0.016759, -0.811635, 10.960655
0.701501, 0.545878, 10.627861
-0.055067, 0.107739, 10.180145
0.526724, -0.754174, 10.675747
-0.031125, -0.418985, 10.809822
0.184354, -0.555455, 10.599133
0.541090, 0.359130, 10.678139
-0.201113, -0.409409, 10.371681
0.658406, -0.213084, 10.821793
-0.181959, -0.543484, 10.486603
0.153229, -0.754174, 10.809822
0.816423, 0.610522, 10.975021
-0.074220, -0.167594, 10.005371
0.732626, -0.555455, 10.699688
-0.246603, -0.646435, 10.515335
0.282516, -0.366313, 10.745178
0.869095, 0.687136, 11.094730
-0.131681, -0.459687, 9.911995
0.675165, -0.270545, 10.953472
-0.009577, -0.514753, 10.292675
0.268151, -0.146046, 10.132263
0.869095, 0.768539, 11.283875
-0.205901, -0.548272, 9.763554
0.634464, -0.318429, 10.927135
0.416591, 0.213084, 10.254368
0.605733, 0.459687, 11.398796
-0.045490, -0.909797, 10.158600
0.414197, 0.124499, 11.022903
0.191536, -0.138864, 10.560825
0.407014, 0.040701, 9.933544
0.524330, 0.174777, 11.441891
0.129287, -0.639252, 10.050858
0.280122, 0.100556, 10.752361
0.138864, -0.153229, 10.613495
0.411803, 0.146046, 10.364498
0.339977, 0.062249, 11.267113
0.248997, -0.821211, 10.086773
0.189142, 0.143652, 10.970234
0.349553, -0.122104, 10.675747
0.342371, 0.349553, 10.101139
0.126893, -0.414197, 11.133038
0.275333, -0.596156, 10.335770
0.217872, 0.399832, 10.654198
0.316035, -0.141258, 10.460266
0.387861, -0.026336, 10.220848
0.134075, -0.385466, 10.620678
0.390255, -0.308852, 10.228031
0.246603, 0.383072, 10.220848
0.146046, -0.069432, 10.682930
0.402226, 0.282516, 10.374077
-0.038307, -0.550666, 10.211269
0.486023, -0.191536, 10.290279
0.330400, 0.246603, 10.582371
0.169988, 0.162806, 10.687717
0.371101, 0.124499, 10.752361
-0.122104, -0.778116, 10.347740
0.390255, 0.047884, 10.433933
0.184354, 0.411803, 10.572796
0.119710, -0.184354, 10.508152
0.524330, 0.373495, 11.255142
-0.150835, -0.809240, 10.137051
0.347159, -0.201113, 10.412384
0.160412, 0.191536, 10.714054
0.112527, -0.110133, 10.287884
0.581791, 0.380678, 10.970234
-0.272939, -0.933739, 10.000580
0.423774, -0.016759, 10.558430
0.191536, 0.136469, 10.697292
0.193930, -0.081403, 10.240002
0.490811, 0.074220, 11.379642
-0.330400, -1.007959, 10.036495
0.486023, 0.368707, 10.833763
0.112527, 0.150835, 10.955868
0.162806, -0.179565, 10.352528
0.294487, 0.124499, 11.224018
-0.076614, -0.773327, 10.091560
0.435745, 0.316035, 10.568008
0.136469, -0.067038, 10.922348
0.344765, 0.052672, 9.895237
0.177171, 0.117316, 11.463440
-0.167594, -1.015141, 10.247185
0.495600, 0.203507, 10.273521
0.486023, 0.392649, 10.706871
0.318429, -0.107739, 10.079590
0.002394, -0.186748, 11.489777
0.047884, -1.070208, 10.498573
0.404620, 0.411803, 10.577583
0.162806, 0.351948, 10.975021
0.440533, -0.258574, 10.242397
-0.009577, -0.162806, 11.372459
0.062249, -1.137246, 10.771515
0.452504, 0.395043, 10.702084
0.227449, 0.268151, 10.682930
0.495600, -0.203507, 10.067619
-0.124499, -0.509965, 10.975021
0.064643, -0.816423, 10.790668
0.593762, 0.519542, 10.546459
0.241814, 0.239420, 10.350136
0.507571, -0.617704, 10.378864
-0.052672, -0.505177, 11.123463
0.227449, -0.493206, 10.857704
0.450110, 0.380678, 10.747574
0.055067, -0.311246, 10.565613
0.624887, -0.332794, 10.747574
-0.086191, -0.426168, 10.702084
0.234632, -0.677559, 10.867283
0.572214, 0.636858, 10.979809
-0.038307, -0.131681, 10.247185
0.677559, -0.368707, 10.575188
-0.222661, -0.541090, 10.532093
0.392649, -0.378284, 10.929531
0.677559, 0.751779, 10.912773
-0.105345, -0.450110, 9.830593
0.754174, -0.292093, 10.647015
-0.203507, -0.402226, 10.304646
0.368707, -0.215478, 10.644623
0.565032, 0.447716, 11.238384
-0.181959, -0.567426, 10.314220
0.689530, -0.076614, 10.778698
-0.198719, -0.565032, 10.244789
0.213084, -0.165200, 10.565613
0.641646, 0.639252, 11.370064
-0.086191, -0.598551, 10.005371
0.481235, -0.366313, 10.726025
-0.004788, -0.296881, 10.436325
0.241814, -0.052672, 10.211269
0.627281, 0.562637, 11.111492
-0.088585, -0.914585, 9.993397
0.560243, 0.079009, 10.929531
-0.033519, -0.457293, 10.450691
0.251391, 0.193930, 9.909603
0.600945, 0.395043, 11.549629
-0.270545, -0.916979, 10.079590
0.395043, -0.119710, 10.929531
-0.232238, -0.344765, 10.872070
0.399832, 0.311246, 10.323799
0.464475, 0.483629, 11.391613
0.043096, -1.144428, 9.967064
0.215478, -0.088585, 10.857704
-0.071826, -0.239420, 10.524910
0.500388, 0.713472, 9.866505
0.153229, 0.028730, 11.343727
0.189142, -1.115698, 10.223244
0.136469, 0.191536, 10.534489
0.134075, -0.131681, 10.515335
0.526724, 0.378284, 9.998188
0.181959, -0.146046, 11.425133
