-0.172383, 0.301669, 10.601524
-0.105345, 0.385466, 10.534489
-0.129287, 0.299275, 10.515335
-0.181959, 0.359130, 10.484211
-0.148441, 0.378284, 10.575188
-0.131681, 0.351948, 10.512939
-0.146046, 0.347159, 10.560825
-0.136469, 0.395043, 10.627861
-0.167594, 0.378284, 10.536880
-0.081403, 0.349553, 10.498573
-0.107739, 0.344765, 10.551247
-0.055067, 0.330400, 10.479420
-0.076614, 0.397438, 10.599133
-0.093374, 0.349553, 10.572796
-0.045490, 0.373495, 10.594341
-0.105345, 0.409409, 10.546459
-0.050278, 0.392649, 10.527306
-0.074220, 0.313640, 10.520123
-0.090980, 0.344765, 10.568008
-0.083797, 0.421380, 10.524910
-0.047884, 0.306458, 10.515335
-0.102951, 0.397438, 10.608707
-0.062249, 0.328006, 10.527306
-0.107739, 0.335188, 10.544064
-0.110133, 0.409409, 10.589554
-0.038307, 0.392649, 10.520123
-0.102951, 0.387861, 10.498573
-0.064643, 0.363919, 10.553642
-0.059855, 0.347159, 10.558430
-0.110133, 0.296881, 10.539276
-0.076614, 0.354342, 10.488998
-0.114922, 0.356736, 10.520123
-0.102951, 0.337582, 10.618286
-0.119710, 0.323217, 10.529701
-0.098162, 0.359130, 10.625469
-0.162806, 0.380678, 10.462662
-0.110133, 0.339977, 10.618286
-0.126893, 0.344765, 10.498573
-0.114922, 0.371101, 10.527306
-0.138864, 0.304064, 10.479420
-0.126893, 0.366313, 10.601524
-0.141258, 0.337582, 10.512939
-0.143652, 0.323217, 10.591949
-0.158017, 0.347159, 10.503365
-0.165200, 0.404620, 10.548855
-0.146046, 0.354342, 10.532093
-0.143652, 0.359130, 10.541672
-0.167594, 0.385466, 10.532093
-0.158017, 0.299275, 10.469845
-0.179565, 0.375890, 10.493786
-0.198719, 0.318429, 10.505756
-0.186748, 0.383072, 10.539276
-0.167594, 0.380678, 10.603920
-0.155623, 0.328006, 10.532093
-0.146046, 0.361524, 10.642227
-0.184354, 0.292093, 10.649410
-0.198719, 0.335188, 10.529701
-0.141258, 0.349553, 10.541672
-0.160412, 0.342371, 10.529701
-0.165200, 0.306458, 10.522518
-0.201113, 0.373495, 10.510548
-0.234632, 0.301669, 10.551247
-0.131681, 0.330400, 10.568008
-0.148441, 0.320823, 10.565613
-0.227449, 0.323217, 10.491394
-0.155623, 0.380678, 10.611103
-0.102951, 0.366313, 10.615891
-0.162806, 0.325611, 10.493786
-0.193930, 0.373495, 10.486603
-0.158017, 0.378284, 10.582371
-0.102951, 0.378284, 10.575188
-0.143652, 0.335188, 10.563217
-0.129287, 0.363919, 10.481815
-0.129287, 0.323217, 10.520123
-0.002394, 0.241814, 10.565613
0.296881, 0.067038, 10.230423
-0.328006, 0.371101, 10.747574
-0.244209, 0.526724, 10.591949
-0.282516, 0.392649, 10.656593
0.222661, 0.373495, 10.357319
-0.009577, 0.265756, 10.517727
0.067038, 0.258574, 10.443508
-0.136469, 0.359130, 10.591949
-0.081403, 0.361524, 10.637440
-0.181959, 0.325611, 10.757149
-0.004788, 0.359130, 10.579979
-0.050278, 0.313640, 10.536880
-0.059855, 0.344765, 10.548855
-0.107739, 0.361524, 10.606316
-0.102951, 0.411803, 10.515335
-0.105345, 0.392649, 10.565613
0.021548, 0.399832, 10.424355
-0.083797, 0.318429, 10.402805
-0.093374, 0.361524, 10.491394
-0.119710, 0.320823, 10.460266
-0.114922, 0.363919, 10.486603
0.026336, 0.351948, 10.448296
-0.076614, 0.392649, 10.548855
-0.102951, 0.344765, 10.582371
-0.160412, 0.337582, 10.632652
-0.088585, 0.368707, 10.568008
-0.155623, 0.368707, 10.682930
-0.107739, 0.330400, 10.651806
-0.126893, 0.375890, 10.606316
-0.093374, 0.316035, 10.606316
-0.162806, 0.356736, 10.477028
-0.134075, 0.330400, 10.575188
-0.095768, 0.337582, 10.565613
-0.150835, 0.368707, 10.496181
-0.079009, 0.354342, 10.515335
-0.143652, 0.289698, 10.568008
-0.107739, 0.371101, 10.520123
-0.131681, 0.411803, 10.608707
-0.143652, 0.320823, 10.510548
-0.088585, 0.368707, 10.532093
-0.138864, 0.301669, 10.635044
-0.141258, 0.371101, 10.584766
-0.229843, 0.258574, 10.611103
-0.138864, 0.304064, 10.493786
-0.169988, 0.344765, 10.575188
-0.169988, 0.287304, 10.582371
-0.172383, 0.337582, 10.522518
1.900996, -0.248997, 9.205708
-0.397438, 0.375890, 10.879253
0.136469, 0.126893, 10.244789
-0.438139, 0.390255, 10.577583
0.287304, 0.057461, 10.144234
-0.354342, 0.452504, 10.723629
0.294487, 0.208296, 10.194511
-0.486023, 0.452504, 10.793060
0.021548, 0.316035, 10.524910
-0.184354, 0.335188, 10.603920
-0.160412, 0.287304, 10.582371
-0.162806, 0.351948, 10.620678
-0.057461, 0.304064, 10.517727
-0.105345, 0.337582, 10.472240
-0.023942, 0.385466, 10.469845
-0.143652, 0.399832, 10.491394
-0.129287, 0.418985, 10.484211
-0.124499, 0.440533, 10.453087
-0.196325, 0.454898, 10.486603
-0.090980, 0.342371, 10.400414
-0.162806, 0.421380, 10.412384
-0.158017, 0.454898, 10.455479
-0.198719, 0.407014, 10.606316
-0.038307, 0.395043, 10.623074
-0.148441, 0.337582, 10.572796
-0.093374, 0.397438, 10.635044
-0.088585, 0.351948, 10.635044
-0.081403, 0.356736, 10.618286
-0.102951, 0.395043, 10.682930
-0.067038, 0.337582, 10.663776
-0.028730, 0.359130, 10.584766
-0.076614, 0.330400, 10.620678
-0.093374, 0.294487, 10.503365
-0.026336, 0.373495, 10.565613
-0.057461, 0.366313, 10.532093
-0.040701, 0.351948, 10.481815
-0.055067, 0.356736, 10.484211
-0.062249, 0.332794, 10.486603
-0.033519, 0.330400, 10.548855
-0.069432, 0.313640, 10.544064
-0.009577, 0.371101, 10.505756
-0.158017, 0.289698, 10.544064
-0.007183, 0.397438, 10.627861
-0.131681, 0.366313, 10.620678
-0.141258, 0.275333, 10.630257
-0.110133, 0.383072, 10.608707
-0.064643, 0.356736, 10.615891
-0.102951, 0.351948, 10.606316
0.280122, -0.090980, 10.347740
0.651223, -0.150835, 9.871296
-0.256180, 0.383072, 10.670959
-0.553061, 0.634464, 10.785881
0.033519, 0.222661, 10.283096
0.114922, 0.342371, 10.323799
0.318429, 0.129287, 10.141838
-0.287304, 0.280122, 10.666168
0.095768, 0.418985, 10.407597
-0.430956, 0.423774, 10.728420
-0.143652, 0.433351, 10.503365
-0.167594, 0.328006, 10.644623
-0.026336, 0.256180, 10.479420
-0.198719, 0.308852, 10.649410
-0.136469, 0.296881, 10.596737
-0.301669, 0.395043, 10.630257
-0.102951, 0.337582, 10.474632
-0.141258, 0.411803, 10.493786
-0.016759, 0.294487, 10.500969
-0.296881, 0.438139, 10.663776
-0.059855, 0.308852, 10.496181
-0.289698, 0.395043, 10.560825
-0.117316, 0.366313, 10.381260
-0.344765, 0.359130, 10.577583
-0.174777, 0.445322, 10.486603
-0.287304, 0.385466, 10.618286
-0.153229, 0.354342, 10.520123
-0.208296, 0.416591, 10.596737
-0.098162, 0.308852, 10.491394
-0.136469, 0.361524, 10.551247
-0.179565, 0.354342, 10.630257
-0.110133, 0.332794, 10.608707
-0.215478, 0.339977, 10.551247
-0.129287, 0.344765, 10.606316
-0.158017, 0.339977, 10.527306
-0.098162, 0.296881, 10.544064
-0.150835, 0.359130, 10.520123
-0.074220, 0.316035, 10.599133
-0.110133, 0.284910, 10.484211
-0.172383, 0.349553, 10.568008
-0.090980, 0.335188, 10.498573
-0.095768, 0.342371, 10.649410
-0.158017, 0.287304, 10.493786
-0.059855, 0.347159, 10.469845
-0.074220, 0.387861, 10.529701
-0.059855, 0.332794, 10.534489
-0.062249, 0.325611, 10.575188
-0.100556, 0.325611, 10.589554
-0.102951, 0.354342, 10.536880
-0.086191, 0.325611, 10.596737
-1.108515, 0.799664, 11.372459
1.534683, -0.287304, 9.186554
-1.292869, 0.600945, 11.394005
0.462081, 0.203507, 10.146626
-1.089362, 0.632069, 11.403584
0.833182, 0.198719, 10.048466
-0.610522, 0.361524, 10.907982
0.560243, 0.203507, 10.204086
-0.531513, 0.512359, 10.879253
0.239420, 0.270545, 10.371681
-0.493206, 0.531513, 10.991779
0.124499, 0.342371, 10.527306
-0.158017, 0.347159, 10.656593
0.143652, 0.294487, 10.405201
-0.162806, 0.361524, 10.635044
-0.076614, 0.409409, 10.558430
-0.222661, 0.457293, 10.675747
0.035913, 0.361524, 10.453087
-0.088585, 0.339977, 10.488998
-0.064643, 0.397438, 10.503365
-0.050278, 0.330400, 10.498573
-0.196325, 0.399832, 10.493786
-0.136469, 0.392649, 10.390835
-0.184354, 0.399832, 10.505756
-0.076614, 0.407014, 10.515335
-0.258574, 0.486023, 10.680534
-0.143652, 0.371101, 10.553642
-0.306458, 0.383072, 10.697292
-0.076614, 0.356736, 10.548855
-0.162806, 0.454898, 10.632652
-0.184354, 0.421380, 10.589554
-0.208296, 0.385466, 10.589554
-0.232238, 0.332794, 10.649410
-0.141258, 0.356736, 10.568008
-0.124499, 0.299275, 10.558430
-0.114922, 0.375890, 10.551247
-0.193930, 0.344765, 10.510548
-0.112527, 0.284910, 10.453087
-0.203507, 0.330400, 10.572796
-0.172383, 0.299275, 10.424355
-0.119710, 0.325611, 10.520123
-0.141258, 0.311246, 10.484211
-0.174777, 0.335188, 10.579979
-0.148441, 0.332794, 10.517727
-0.153229, 0.311246, 10.520123
-0.181959, 0.330400, 10.505756
-0.172383, 0.313640, 10.474632
0.921768, -0.483629, 9.799469
0.198719, -0.019154, 10.333374
-0.007183, 0.217872, 10.479420
-0.837971, 0.565032, 10.903194
0.517148, 0.067038, 9.888054
-0.150835, 0.380678, 10.529701
0.557849, 0.076614, 10.122684
-0.526724, 0.361524, 10.917561
0.354342, 0.234632, 10.228031
-0.598551, 0.421380, 10.946289
0.074220, 0.390255, 10.433933
-0.225055, 0.366313, 10.654198
0.105345, 0.260968, 10.453087
-0.220267, 0.339977, 10.563217
0.040701, 0.292093, 10.589554
-0.292093, 0.409409, 10.627861
0.038307, 0.292093, 10.386047
-0.081403, 0.399832, 10.544064
0.069432, 0.354342, 10.433933
-0.203507, 0.385466, 10.582371
0.035913, 0.311246, 10.386047
-0.306458, 0.440533, 10.534489
-0.047884, 0.356736, 10.323799
-0.287304, 0.433351, 10.587162
-0.021548, 0.454898, 10.441113
-0.143652, 0.505177, 10.618286
-0.114922, 0.351948, 10.486603
-0.122104, 0.404620, 10.553642
-0.079009, 0.337582, 10.658985
-0.031125, 0.380678, 10.591949
-0.090980, 0.447716, 10.577583
-0.052672, 0.339977, 10.529701
-0.102951, 0.385466, 10.666168
-0.031125, 0.375890, 10.589554
-0.131681, 0.411803, 10.522518
-0.124499, 0.411803, 10.536880
-0.117316, 0.426168, 10.520123
-0.079009, 0.351948, 10.522518
-0.076614, 0.387861, 10.503365
-0.153229, 0.354342, 10.508152
-0.098162, 0.347159, 10.508152
-0.167594, 0.366313, 10.520123
-0.105345, 0.349553, 10.479420
-0.134075, 0.304064, 10.527306
-0.055067, 0.313640, 10.534489
-0.191536, 0.335188, 10.618286
-0.081403, 0.253785, 10.524910
-0.131681, 0.366313, 10.577583
-0.102951, 0.294487, 10.596737
-0.129287, 0.313640, 10.541672
2.731784, -0.675165, 8.549694
-1.647211, 0.782904, 11.942280
1.369483, -0.040701, 9.351753
-1.651999, 0.751779, 11.398796
1.608904, -0.320823, 9.145851
-1.268927, 0.660800, 11.291058
1.170764, -0.009577, 9.718063
-1.350330, 0.471658, 11.415554
1.005565, 0.052672, 9.777920
-1.165976, 0.557849, 11.271904
0.512359, 0.160412, 10.079590
-0.715866, 0.476446, 10.819397
0.272939, 0.153229, 10.304646
-0.545878, 0.373495, 10.888828
0.237026, 0.251391, 10.412384
-0.471658, 0.366313, 10.697292
0.162806, 0.239420, 10.242397
-0.395043, 0.428562, 10.692505
-0.045490, 0.272939, 10.354923
-0.263362, 0.469264, 10.635044
-0.081403, 0.268151, 10.386047
-0.205901, 0.409409, 10.508152
-0.225055, 0.361524, 10.409988
-0.301669, 0.440533, 10.541672
-0.258574, 0.375890, 10.589554
-0.201113, 0.349553, 10.551247
-0.229843, 0.416591, 10.587162
-0.203507, 0.316035, 10.496181
-0.155623, 0.380678, 10.623074
-0.062249, 0.387861, 10.541672
-0.172383, 0.371101, 10.716446
-0.047884, 0.380678, 10.596737
-0.047884, 0.318429, 10.658985
-0.141258, 0.402226, 10.548855
-0.086191, 0.342371, 10.563217
-0.143652, 0.347159, 10.553642
-0.033519, 0.306458, 10.510548
-0.114922, 0.387861, 10.536880
-0.079009, 0.282516, 10.546459
-0.110133, 0.387861, 10.505756
-0.040701, 0.337582, 10.515335
-0.107739, 0.359130, 10.486603
-0.035913, 0.387861, 10.433933
-0.052672, 0.311246, 10.524910
-0.040701, 0.299275, 10.474632
-0.110133, 0.330400, 10.553642
-0.007183, 0.280122, 10.546459
-0.081403, 0.337582, 10.544064
-0.004788, 0.318429, 10.455479
-0.023942, 0.265756, 10.443508
1.015141, 0.395043, 9.928757
-0.797269, 0.634464, 11.463440
0.292093, -0.148441, 10.127472
0.090980, 0.268151, 10.457874
-0.059855, 0.196325, 10.455479
-0.306458, 0.495600, 10.874466
0.093374, 0.256180, 10.378864
-0.339977, 0.418985, 10.783485
0.009577, 0.342371, 10.517727
-0.237026, 0.339977, 10.548855
0.083797, 0.289698, 10.541672
-0.081403, 0.366313, 10.587162
-0.205901, 0.368707, 10.644623
-0.172383, 0.335188, 10.680534
0.000000, 0.323217, 10.584766
0.057461, 0.330400, 10.445904
-0.110133, 0.356736, 10.577583
-0.167594, 0.380678, 10.486603
-0.289698, 0.402226, 10.584766
-0.011971, 0.325611, 10.390835
-0.354342, 0.385466, 10.579979
-0.067038, 0.392649, 10.383652
-0.323217, 0.428562, 10.589554
-0.184354, 0.316035, 10.484211
-0.246603, 0.450110, 10.635044
-0.136469, 0.328006, 10.520123
-0.215478, 0.421380, 10.568008
-0.143652, 0.395043, 10.579979
-0.270545, 0.409409, 10.668564
-0.205901, 0.294487, 10.663776
-0.148441, 0.356736, 10.570400
-0.167594, 0.354342, 10.651806
-0.179565, 0.373495, 10.539276
-0.227449, 0.373495, 10.503365
-0.177171, 0.339977, 10.556034
-0.222661, 0.356736, 10.500969
-0.177171, 0.332794, 10.544064
-0.191536, 0.378284, 10.587162
-0.153229, 0.351948, 10.512939
-0.181959, 0.342371, 10.460266
-0.222661, 0.289698, 10.575188
-0.179565, 0.287304, 10.522518
-0.198719, 0.313640, 10.548855
-0.162806, 0.284910, 10.457874
-0.148441, 0.380678, 10.524910
-0.158017, 0.256180, 10.517727
-0.102951, 0.282516, 10.582371
-0.095768, 0.296881, 10.663776
-0.160412, 0.272939, 10.618286
-0.016759, 0.342371, 10.570400
-0.079009, 0.260968, 10.666168
2.597709, -0.703895, 8.650249
-1.436521, 0.730232, 11.741165
1.438915, -0.102951, 9.493011
-1.410185, 0.766145, 11.405979
1.491588, -0.256180, 9.114727
-1.000776, 0.636858, 11.101913
1.189919, -0.023942, 9.641449
-1.082179, 0.457293, 11.389217
0.897826, 0.110133, 9.878475
-0.984017, 0.588974, 11.305420
0.407014, 0.251391, 10.268730
-0.495600, 0.452504, 10.884041
0.366313, 0.150835, 10.429142
-0.354342, 0.404620, 10.891224
0.299275, 0.268151, 10.417171
-0.284910, 0.440533, 10.663776
0.265756, 0.251391, 10.307037
-0.222661, 0.457293, 10.682930
0.052672, 0.332794, 10.448296
-0.141258, 0.392649, 10.651806
0.021548, 0.313640, 10.362106
-0.045490, 0.466869, 10.488998
-0.055067, 0.423774, 10.524910
-0.215478, 0.450110, 10.568008
-0.177171, 0.459687, 10.572796
-0.114922, 0.445322, 10.508152
-0.169988, 0.387861, 10.601524
-0.124499, 0.387861, 10.570400
-0.122104, 0.392649, 10.577583
-0.050278, 0.421380, 10.591949
-0.095768, 0.356736, 10.611103
-0.100556, 0.363919, 10.606316
-0.122104, 0.371101, 10.663776
-0.110133, 0.385466, 10.558430
-0.141258, 0.380678, 10.639832
-0.193930, 0.351948, 10.675747
-0.136469, 0.337582, 10.508152
-0.143652, 0.368707, 10.508152
-0.071826, 0.356736, 10.508152
-0.129287, 0.383072, 10.450691
-0.169988, 0.320823, 10.491394
-0.148441, 0.335188, 10.386047
-0.122104, 0.366313, 10.429142
-0.205901, 0.294487, 10.496181
-0.062249, 0.294487, 10.491394
-0.100556, 0.339977, 10.611103
-0.158017, 0.318429, 10.606316
-0.136469, 0.342371, 10.575188
-0.158017, 0.316035, 10.536880
-0.141258, 0.320823, 10.615891
-0.122104, 0.287304, 10.608707
-0.148441, 0.342371, 10.587162
-0.538695, 0.083797, 10.984596
1.508347, -0.517148, 9.167400
-1.127669, 0.414197, 11.281479
0.088585, 0.268151, 10.340557
-0.746991, 0.442927, 10.898407
0.713472, 0.110133, 9.998188
-0.351948, 0.227449, 10.579979
0.260968, 0.074220, 10.230423
-0.325611, 0.430956, 10.730812
-0.007183, 0.217872, 10.441113
-0.505177, 0.509965, 10.773907
0.086191, 0.292093, 10.469845
-0.122104, 0.320823, 10.754753
0.002394, 0.246603, 10.522518
-0.239420, 0.328006, 10.737995
-0.138864, 0.301669, 10.606316
-0.201113, 0.318429, 10.680534
0.088585, 0.325611, 10.357319
0.023942, 0.371101, 10.491394
-0.138864, 0.407014, 10.484211
-0.062249, 0.335188, 10.330982
-0.253785, 0.366313, 10.527306
-0.031125, 0.414197, 10.319012
-0.349553, 0.486023, 10.522518
-0.019154, 0.373495, 10.424355
-0.268151, 0.464475, 10.520123
-0.086191, 0.375890, 10.405201
-0.241814, 0.407014, 10.613495
-0.021548, 0.304064, 10.589554
-0.129287, 0.414197, 10.618286
-0.059855, 0.385466, 10.625469
-0.067038, 0.418985, 10.651806
-0.095768, 0.385466, 10.663776
-0.028730, 0.363919, 10.615891
-0.102951, 0.366313, 10.625469
-0.069432, 0.356736, 10.455479
-0.105345, 0.361524, 10.579979
0.000000, 0.378284, 10.508152
-0.093374, 0.354342, 10.515335
-0.057461, 0.390255, 10.455479
-0.081403, 0.359130, 10.445904
-0.057461, 0.280122, 10.517727
-0.069432, 0.316035, 10.534489
-0.067038, 0.294487, 10.426750
-0.074220, 0.356736, 10.472240
-0.165200, 0.339977, 10.536880
-0.083797, 0.296881, 10.505756
-0.141258, 0.392649, 10.568008
-1.256956, 0.687136, 11.568783
2.329558, -0.529119, 8.667011
-1.651999, 0.543484, 11.554417
0.584185, 0.141258, 9.921574
-1.448492, 0.658406, 11.638214
1.094150, 0.055067, 9.842564
-0.732626, 0.354342, 11.058819
0.770933, -0.009577, 10.036495
-0.615310, 0.536301, 11.197681
0.404620, 0.160412, 10.278309
-0.794875, 0.538695, 11.056423
0.222661, 0.181959, 10.479420
-0.380678, 0.330400, 10.907982
0.146046, 0.258574, 10.402805
-0.392649, 0.416591, 10.678139
-0.179565, 0.359130, 10.584766
-0.404620, 0.433351, 10.623074
0.093374, 0.328006, 10.369289
-0.098162, 0.366313, 10.405201
-0.390255, 0.457293, 10.560825
-0.074220, 0.361524, 10.395626
-0.304064, 0.454898, 10.666168
-0.126893, 0.418985, 10.560825
-0.359130, 0.435745, 10.793060
-0.052672, 0.363919, 10.649410
-0.203507, 0.387861, 10.783485
-0.184354, 0.409409, 10.699688
-0.138864, 0.421380, 10.778698
-0.169988, 0.383072, 10.587162
-0.090980, 0.380678, 10.594341
-0.205901, 0.330400, 10.596737
-0.165200, 0.378284, 10.498573
-0.229843, 0.330400, 10.453087
-0.119710, 0.323217, 10.383652
-0.150835, 0.380678, 10.431538
-0.141258, 0.397438, 10.433933
-0.110133, 0.351948, 10.474632
-0.141258, 0.342371, 10.438721
-0.114922, 0.361524, 10.539276
-0.165200, 0.323217, 10.510548
-0.081403, 0.395043, 10.536880
-0.136469, 0.332794, 10.548855
-0.136469, 0.339977, 10.541672
-0.074220, 0.397438, 10.584766
0.004788, 0.294487, 10.517727
-0.040701, 0.339977, 10.663776
-0.098162, 0.301669, 10.654198
-0.047884, 0.270545, 10.615891
-0.057461, 0.296881, 10.620678
-0.052672, 0.268151, 10.556034
-0.023942, 0.342371, 10.570400
-0.002394, 0.301669, 10.500969
-0.105345, 0.335188, 10.541672
-0.035913, 0.316035, 10.474632
-0.102951, 0.344765, 10.486603
-0.071826, 0.392649, 10.503365
-0.038307, 0.318429, 10.465057
-0.076614, 0.344765, 10.536880
-0.074220, 0.349553, 10.532093
-0.052672, 0.349553, 10.577583
-0.119710, 0.332794, 10.591949
0.000000, 0.404620, 10.584766
-0.098162, 0.361524, 10.699688
-0.090980, 0.366313, 10.553642
-0.129287, 0.335188, 10.591949
-0.095768, 0.308852, 10.584766
-0.136469, 0.328006, 10.644623
-0.136469, 0.335188, 10.620678
-0.167594, 0.361524, 10.591949
-0.141258, 0.378284, 10.620678
-0.093374, 0.392649, 10.474632
-0.143652, 0.418985, 10.591949
-0.167594, 0.450110, 10.539276
-0.114922, 0.397438, 10.421959
-0.165200, 0.371101, 10.584766
-0.165200, 0.328006, 10.472240
-0.222661, 0.402226, 10.508152
-0.229843, 0.392649, 10.527306
-0.184354, 0.390255, 10.536880
-0.208296, 0.361524, 10.587162
-0.136469, 0.359130, 10.596737
-0.124499, 0.392649, 10.635044
-0.181959, 0.328006, 10.596737
-0.126893, 0.344765, 10.644623
-0.172383, 0.351948, 10.642227
-0.177171, 0.339977, 10.572796
-0.174777, 0.399832, 10.618286
-0.150835, 0.359130, 10.582371
-0.160412, 0.404620, 10.532093
-0.184354, 0.289698, 10.553642
-0.229843, 0.284910, 10.572796
-0.146046, 0.344765, 10.548855
-0.143652, 0.320823, 10.414780
-0.184354, 0.316035, 10.469845
-0.177171, 0.294487, 10.560825
-0.158017, 0.287304, 10.527306
-0.215478, 0.306458, 10.570400
-0.143652, 0.366313, 10.551247
-0.172383, 0.351948, 10.577583
-0.110133, 0.361524, 10.548855
-0.153229, 0.325611, 10.594341
-0.131681, 0.308852, 10.611103
-0.148441, 0.234632, 10.462662
-0.112527, 0.287304, 10.572796
-0.138864, 0.342371, 10.591949
-0.117316, 0.304064, 10.534489
-0.126893, 0.304064, 10.618286
-0.117316, 0.316035, 10.579979
-0.079009, 0.320823, 10.575188
-0.110133, 0.339977, 10.534489
-0.383072, 0.531513, 10.378864
-0.687136, 0.550666, 10.967838
-0.062249, 0.462081, 10.436325
0.004788, 0.371101, 10.445904
-0.225055, 0.323217, 10.601524
-0.083797, 0.366313, 10.649410
-0.296881, 0.395043, 10.670959
-0.004788, 0.328006, 10.536880
-0.090980, 0.311246, 10.508152
-0.050278, 0.251391, 10.611103
-0.114922, 0.395043, 10.711658
-0.083797, 0.354342, 10.656593
-0.107739, 0.371101, 10.599133
-0.088585, 0.387861, 10.572796
-0.086191, 0.392649, 10.572796
-0.033519, 0.418985, 10.603920
-0.146046, 0.447716, 10.661381
-0.064643, 0.462081, 10.522518
-0.114922, 0.390255, 10.565613
-0.112527, 0.299275, 10.450691
-0.095768, 0.418985, 10.560825
-0.093374, 0.330400, 10.405201
-0.203507, 0.402226, 10.534489
-0.016759, 0.356736, 10.429142
-0.093374, 0.373495, 10.462662
-0.088585, 0.411803, 10.536880
-0.146046, 0.404620, 10.548855
-0.083797, 0.351948, 10.579979
-0.186748, 0.378284, 10.599133
-0.174777, 0.414197, 10.587162
-0.172383, 0.404620, 10.699688
-0.165200, 0.383072, 10.541672
-0.098162, 0.344765, 10.632652
-0.107739, 0.397438, 10.541672
-0.119710, 0.280122, 10.510548
-0.134075, 0.287304, 10.563217
-0.131681, 0.292093, 10.455479
-0.184354, 0.330400, 10.517727
-0.047884, 0.330400, 10.517727
-0.184354, 0.304064, 10.527306
-0.088585, 0.373495, 10.529701
-0.146046, 0.373495, 10.558430
-0.160412, 0.337582, 10.520123
-0.244209, 0.349553, 10.558430
-0.148441, 0.339977, 10.512939
-0.177171, 0.330400, 10.568008
-0.134075, 0.289698, 10.601524
-0.143652, 0.248997, 10.548855
-0.181959, 0.229843, 10.551247
-0.146046, 0.272939, 10.570400
-0.177171, 0.213084, 10.558430
-0.079009, 0.284910, 10.575188
-0.198719, 0.347159, 10.563217
-0.181959, 0.328006, 10.524910
-0.160412, 0.378284, 10.556034
-0.220267, 0.323217, 10.584766
-0.167594, 0.335188, 10.498573
-0.129287, 0.323217, 10.558430
-0.237026, 0.363919, 10.520123
-0.138864, 0.387861, 10.553642
-0.143652, 0.351948, 10.565613
-0.131681, 0.335188, 10.481815
-0.112527, 0.339977, 10.570400
-0.126893, 0.318429, 10.579979
-0.114922, 0.351948, 10.532093
-0.155623, 0.373495, 10.558430
-0.138864, 0.335188, 10.613495
-0.129287, 0.335188, 10.591949
-0.114922, 0.418985, 10.630257
-0.141258, 0.378284, 10.544064
-0.057461, 0.423774, 10.553642
-0.035913, 0.414197, 10.484211
-0.069432, 0.395043, 10.618286
-0.122104, 0.402226, 10.584766
-0.126893, 0.332794, 10.644623
-0.114922, 0.359130, 10.512939
-0.146046, 0.339977, 10.527306
-0.088585, 0.366313, 10.589554
-0.081403, 0.368707, 10.627861
-0.107739, 0.342371, 10.520123
-0.098162, 0.337582, 10.618286
-0.028730, 0.344765, 10.630257
0.021548, 0.354342, 10.568008
-0.064643, 0.423774, 10.570400
-0.093374, 0.366313, 10.563217
-0.093374, 0.335188, 10.589554
-0.634464, 0.701501, 11.020512
0.766145, 0.126893, 9.811440
-0.802058, 0.497994, 10.989388
0.330400, 0.225055, 10.180145
-0.809240, 0.430956, 10.986992
0.478840, 0.205901, 10.204086
-0.495600, 0.409409, 10.778698
0.335188, 0.193930, 10.247185
-0.438139, 0.497994, 10.840946
0.155623, 0.282516, 10.333374
-0.316035, 0.445322, 10.761936
0.086191, 0.318429, 10.505756
-0.086191, 0.347159, 10.613495
-0.014365, 0.344765, 10.445904
-0.167594, 0.313640, 10.553642
-0.102951, 0.349553, 10.524910
-0.263362, 0.354342, 10.656593
-0.028730, 0.280122, 10.412384
-0.033519, 0.282516, 10.587162
-0.131681, 0.304064, 10.579979
-0.136469, 0.304064, 10.577583
-0.158017, 0.387861, 10.560825
-0.181959, 0.375890, 10.587162
-0.225055, 0.366313, 10.611103
-0.105345, 0.402226, 10.510548
-0.220267, 0.359130, 10.606316
-0.141258, 0.323217, 10.560825
-0.268151, 0.392649, 10.651806
-0.105345, 0.320823, 10.575188
-0.138864, 0.339977, 10.536880
-0.215478, 0.308852, 10.572796
-0.241814, 0.373495, 10.608707
-0.150835, 0.296881, 10.599133
-0.138864, 0.359130, 10.611103
-0.179565, 0.335188, 10.541672
-0.141258, 0.318429, 10.424355
-0.213084, 0.342371, 10.548855
-0.232238, 0.375890, 10.460266
-0.208296, 0.344765, 10.546459
-0.141258, 0.318429, 10.541672
-0.141258, 0.359130, 10.520123
-0.186748, 0.373495, 10.570400
-0.150835, 0.356736, 10.601524
-0.181959, 0.359130, 10.524910
-0.138864, 0.335188, 10.563217
-0.141258, 0.318429, 10.539276
-0.117316, 0.275333, 10.651806
-0.129287, 0.330400, 10.632652
-0.110133, 0.342371, 10.599133
-0.064643, 0.316035, 10.620678
-0.100556, 0.373495, 10.675747
-0.074220, 0.366313, 10.568008
-0.114922, 0.347159, 10.500969
-0.107739, 0.318429, 10.582371
-0.102951, 0.325611, 10.532093
-0.146046, 0.311246, 10.556034
-0.069432, 0.320823, 10.546459
-0.102951, 0.328006, 10.424355
-0.107739, 0.330400, 10.558430
-0.047884, 0.378284, 10.587162
-0.086191, 0.397438, 10.414780
-0.095768, 0.361524, 10.558430
-0.090980, 0.265756, 10.666168
-0.076614, 0.414197, 10.488998
-0.107739, 0.371101, 10.496181
-0.038307, 0.395043, 10.635044
-0.076614, 0.354342, 10.618286
-0.074220, 0.330400, 10.608707
-0.047884, 0.380678, 10.658985
-0.031125, 0.308852, 10.553642
-0.057461, 0.361524, 10.462662
-0.047884, 0.418985, 10.635044
-0.088585, 0.366313, 10.443508
-0.088585, 0.368707, 10.565613
-0.093374, 0.387861, 10.553642
-0.067038, 0.385466, 10.445904
-0.088585, 0.383072, 10.527306
-0.095768, 0.438139, 10.548855
-0.079009, 0.438139, 10.491394
-0.126893, 0.399832, 10.493786
-0.146046, 0.414197, 10.651806
-0.117316, 0.335188, 10.565613
-0.100556, 0.402226, 10.579979
-0.148441, 0.390255, 10.529701
-0.509965, 0.509965, 10.716446
-0.016759, 0.414197, 10.467449
-0.354342, 0.490811, 10.656593
0.076614, 0.330400, 10.402805
-0.459687, 0.442927, 10.862495
0.071826, 0.347159, 10.529701
-0.442927, 0.464475, 10.785881
0.038307, 0.296881, 10.398018
-0.313640, 0.435745, 10.613495
-0.023942, 0.304064, 10.414780
-0.311246, 0.366313, 10.635044
-0.110133, 0.351948, 10.491394
-0.146046, 0.316035, 10.630257
-0.076614, 0.299275, 10.450691
-0.165200, 0.306458, 10.532093
-0.205901, 0.380678, 10.556034
-0.220267, 0.339977, 10.620678
-0.131681, 0.342371, 10.479420
-0.244209, 0.344765, 10.532093
-0.172383, 0.332794, 10.450691
-0.208296, 0.301669, 10.613495
-0.189142, 0.363919, 10.565613
-0.136469, 0.316035, 10.467449
-0.124499, 0.363919, 10.524910
-0.052672, 0.316035, 10.505756
-0.193930, 0.361524, 10.438721
-0.150835, 0.311246, 10.563217
-0.239420, 0.332794, 10.568008
-0.141258, 0.356736, 10.558430
-0.165200, 0.301669, 10.433933
-0.122104, 0.308852, 10.529701
-0.162806, 0.275333, 10.575188
-0.110133, 0.296881, 10.551247
-0.158017, 0.349553, 10.673351
-0.090980, 0.287304, 10.553642
-0.071826, 0.292093, 10.560825
-0.160412, 0.395043, 10.570400
-0.158017, 0.351948, 10.534489
-0.136469, 0.299275, 10.500969
-0.126893, 0.335188, 10.541672
-0.112527, 0.359130, 10.591949
-0.088585, 0.366313, 10.448296
-0.165200, 0.335188, 10.625469
-0.093374, 0.361524, 10.541672
-0.112527, 0.351948, 10.568008
-0.126893, 0.354342, 10.536880
-0.067038, 0.411803, 10.498573
-0.112527, 0.390255, 10.563217
-0.105345, 0.344765, 10.639832
-0.090980, 0.335188, 10.527306
-0.069432, 0.378284, 10.637440
-0.093374, 0.328006, 10.577583
-0.059855, 0.390255, 10.536880
-0.071826, 0.308852, 10.603920
-0.057461, 0.359130, 10.548855
-0.038307, 0.294487, 10.520123
-0.062249, 0.337582, 10.517727
-0.105345, 0.325611, 10.544064
-0.100556, 0.378284, 10.551247
-0.083797, 0.395043, 10.484211
-0.033519, 0.397438, 10.517727
-0.102951, 0.380678, 10.546459
-0.031125, 0.354342, 10.584766
-0.074220, 0.359130, 10.558430
-0.138864, 0.325611, 10.584766
-0.095768, 0.359130, 10.565613
-0.019154, 0.335188, 10.534489
-0.093374, 0.318429, 10.551247
-0.131681, 0.351948, 10.577583
-0.088585, 0.373495, 10.548855
-0.138864, 0.392649, 10.587162
-0.119710, 0.270545, 10.536880
-0.098162, 0.385466, 10.479420
-0.167594, 0.402226, 10.551247
-0.110133, 0.335188, 10.465057
-0.138864, 0.378284, 10.556034
-0.169988, 0.363919, 10.565613
-0.311246, 0.304064, 10.297462
-1.144428, 0.596156, 11.111492
0.129287, 0.366313, 10.266338
-0.160412, 0.385466, 10.477028
-0.165200, 0.287304, 10.680534
-0.229843, 0.387861, 10.793060
-0.375890, 0.395043, 10.656593
-0.131681, 0.385466, 10.591949
-0.174777, 0.371101, 10.568008
-0.079009, 0.328006, 10.520123
-0.177171, 0.284910, 10.615891
-0.100556, 0.378284, 10.517727
-0.196325, 0.301669, 10.620678
-0.095768, 0.311246, 10.541672
-0.215478, 0.316035, 10.584766
-0.071826, 0.339977, 10.546459
-0.260968, 0.359130, 10.601524
-0.112527, 0.304064, 10.460266
-0.220267, 0.361524, 10.632652
-0.093374, 0.351948, 10.443508
-0.232238, 0.392649, 10.536880
-0.141258, 0.361524, 10.496181
-0.277727, 0.423774, 10.651806
-0.059855, 0.402226, 10.457874
-0.141258, 0.325611, 10.534489
-0.131681, 0.349553, 10.515335
-0.181959, 0.363919, 10.639832
-0.098162, 0.344765, 10.520123
-0.095768, 0.375890, 10.642227
-0.124499, 0.344765, 10.603920
-0.088585, 0.328006, 10.663776
-0.100556, 0.402226, 10.601524
-0.033519, 0.256180, 10.431538
-0.148441, 0.421380, 10.606316
-0.100556, 0.363919, 10.563217
-0.110133, 0.387861, 10.551247
-0.031125, 0.387861, 10.594341
-0.102951, 0.361524, 10.491394
-0.052672, 0.354342, 10.651806
-0.105345, 0.351948, 10.453087
-0.117316, 0.332794, 10.570400
-0.112527, 0.287304, 10.527306
-0.102951, 0.316035, 10.556034
-0.102951, 0.354342, 10.603920
-0.035913, 0.308852, 10.558430
-0.079009, 0.301669, 10.623074
-0.090980, 0.296881, 10.577583
-0.090980, 0.308852, 10.517727
-0.114922, 0.316035, 10.484211
-0.112527, 0.335188, 10.589554
-0.071826, 0.277727, 10.551247
-0.040701, 0.337582, 10.512939
-0.069432, 0.347159, 10.558430
-0.110133, 0.328006, 10.582371
-0.093374, 0.378284, 10.608707
-0.081403, 0.337582, 10.498573
-0.088585, 0.316035, 10.613495
-0.081403, 0.354342, 10.515335
-0.172383, 0.354342, 10.541672
-0.165200, 0.351948, 10.534489
-0.079009, 0.366313, 10.481815
-0.162806, 0.351948, 10.512939
-0.110133, 0.356736, 10.608707
-0.081403, 0.392649, 10.649410
-0.122104, 0.349553, 10.594341
-0.146046, 0.337582, 10.500969
-0.158017, 0.359130, 10.527306
-0.153229, 0.308852, 10.587162
-0.169988, 0.363919, 10.484211
-0.148441, 0.375890, 10.520123
-0.143652, 0.347159, 10.611103
-0.198719, 0.320823, 10.594341
-0.205901, 0.404620, 10.512939
-0.215478, 0.407014, 10.503365
-0.131681, 0.313640, 10.512939
-0.153229, 0.361524, 10.534489
-0.174777, 0.323217, 10.551247
-0.158017, 0.292093, 10.575188
-0.205901, 0.330400, 10.639832
-0.148441, 0.325611, 10.601524
-0.253785, 0.323217, 10.534489
-0.146046, 0.275333, 10.575188
-0.169988, 0.375890, 10.596737
-0.155623, 0.332794, 10.508152
-0.160412, 0.256180, 10.618286
-0.174777, 0.239420, 10.290279
-1.046266, 0.701501, 11.228806
0.471658, 0.155623, 10.249577
-1.053449, 0.313640, 11.054031
1.034295, 0.033519, 9.880871
-1.060631, 0.488417, 11.135433
0.383072, 0.289698, 10.345345
-0.802058, 0.440533, 11.010933
0.272939, 0.208296, 10.338165
-0.639252, 0.421380, 10.884041
0.351948, 0.196325, 10.280704
-0.292093, 0.363919, 10.824188
0.100556, 0.272939, 10.484211
-0.464475, 0.409409, 10.888828
0.026336, 0.308852, 10.431538
-0.193930, 0.260968, 10.611103
0.181959, 0.275333, 10.386047
-0.292093, 0.371101, 10.663776
-0.088585, 0.351948, 10.431538
-0.311246, 0.387861, 10.556034
0.045490, 0.409409, 10.362106
-0.222661, 0.385466, 10.548855
0.028730, 0.399832, 10.366894
-0.105345, 0.450110, 10.534489
-0.059855, 0.342371, 10.520123
-0.143652, 0.387861, 10.618286
-0.043096, 0.378284, 10.563217
-0.038307, 0.380678, 10.587162
-0.079009, 0.435745, 10.520123
-0.069432, 0.409409, 10.680534
-0.040701, 0.366313, 10.584766
0.002394, 0.339977, 10.560825
-0.079009, 0.337582, 10.654198
-0.102951, 0.392649, 10.469845
-0.117316, 0.356736, 10.563217
-0.129287, 0.335188, 10.488998
-0.100556, 0.380678, 10.551247
-0.124499, 0.366313, 10.505756
-0.105345, 0.378284, 10.563217
-0.081403, 0.366313, 10.488998
-0.160412, 0.380678, 10.472240
-0.100556, 0.368707, 10.443508
-0.122104, 0.368707, 10.477028
-0.100556, 0.349553, 10.577583
-0.110133, 0.390255, 10.625469
-0.131681, 0.378284, 10.524910
-0.186748, 0.380678, 10.611103
-0.174777, 0.308852, 10.642227
-0.148441, 0.325611, 10.601524
-0.155623, 0.280122, 10.615891
-0.098162, 0.328006, 10.630257
-0.100556, 0.366313, 10.639832
-0.201113, 0.332794, 10.589554
-0.107739, 0.292093, 10.558430
-0.129287, 0.316035, 10.649410
-0.153229, 0.296881, 10.491394
-0.150835, 0.344765, 10.498573
-0.244209, 0.356736, 10.565613
-0.148441, 0.351948, 10.474632
-0.193930, 0.428562, 10.572796
-0.217872, 0.363919, 10.486603
-0.181959, 0.268151, 10.488998
-0.177171, 0.337582, 10.642227
-0.158017, 0.284910, 10.668564
-0.136469, 0.330400, 10.560825
-0.155623, 0.325611, 10.594341
-0.229843, 0.337582, 10.632652
-0.165200, 0.328006, 10.627861
-0.153229, 0.320823, 10.486603
-0.215478, 0.411803, 10.649410
-0.189142, 0.366313, 10.630257
-0.160412, 0.349553, 10.599133
-0.153229, 0.385466, 10.560825
-0.205901, 0.380678, 10.572796
-0.165200, 0.330400, 10.563217
-0.184354, 0.301669, 10.558430
-0.143652, 0.375890, 10.560825
-0.093374, 0.342371, 10.560825
-0.112527, 0.318429, 10.544064
-0.107739, 0.354342, 10.589554
-0.098162, 0.335188, 10.611103
-0.131681, 0.392649, 10.520123
-0.119710, 0.402226, 10.553642
-0.131681, 0.392649, 10.517727
-0.119710, 0.311246, 10.536880
-0.088585, 0.359130, 10.546459
-0.069432, 0.356736, 10.529701
-0.088585, 0.378284, 10.527306
-0.160412, 0.442927, 10.544064
-0.057461, 0.342371, 10.575188
-0.105345, 0.337582, 10.589554
-0.040701, 0.356736, 10.500969
-0.062249, 0.361524, 10.474632
-0.059855, 0.318429, 10.488998
-0.086191, 0.344765, 10.584766
-0.031125, 0.385466, 10.548855
-0.050278, 0.335188, 10.453087
-0.074220, 0.304064, 10.556034
-0.059855, 0.320823, 10.577583
-0.047884, 0.363919, 10.615891
-0.050278, 0.342371, 10.620678
-0.071826, 0.380678, 10.568008
-0.071826, 0.397438, 10.563217
-0.040701, 0.325611, 10.491394
-0.023942, 0.397438, 10.472240
-0.088585, 0.320823, 10.536880
-0.067038, 0.351948, 10.505756
-0.110133, 0.351948, 10.591949
-0.031125, 0.246603, 9.976639
0.179565, 0.055067, 7.778763
-0.720655, 0.984017, 10.354923
0.804452, 0.246603, 11.056423
1.364695, -1.225832, 10.070011
3.236961, -0.794875, 9.593567
0.191536, -0.627281, 11.310211
2.461240, -0.098162, 10.491394
-1.795651, 0.998382, 13.479355
1.872266, -0.385466, 10.596737
-0.964863, 0.246603, 11.698071
1.005565, -1.046266, 9.114727
-0.727837, 0.440533, 10.544064
0.557849, 0.095768, 9.514557
-0.600945, 0.512359, 10.187328
0.205901, 0.280122, 9.085995
-1.414973, 0.689530, 10.160992
0.198719, 0.241814, 9.610325
-0.270545, 0.368707, 10.026917
0.385466, 0.514753, 9.804256
-0.402226, 0.648829, 10.429142
0.014365, 0.502782, 10.342953
0.196325, 0.402226, 10.362106
-0.421380, 0.462081, 10.989388
-0.588974, 0.423774, 11.149799
-0.205901, 0.304064, 10.955868
-0.308852, 0.483629, 11.326969
-0.181959, 0.339977, 11.286266
-0.009577, 0.148441, 11.097126
-0.043096, 0.191536, 10.907982
0.007183, 0.227449, 10.795456
-0.160412, 0.268151, 10.560825
0.129287, 0.428562, 10.333374
-0.153229, 0.289698, 10.517727
-0.138864, 0.244209, 10.228031
-0.241814, 0.263362, 10.024525
-0.213084, 0.272939, 9.926361
-0.296881, 0.371101, 9.916782
-0.186748, 0.239420, 9.849747
-0.349553, 0.426168, 10.113110
-0.526724, 0.296881, 10.304646
-0.397438, 0.361524, 10.522518
-0.136469, 0.423774, 10.486603
-0.004788, 0.418985, 10.814610
0.081403, 0.524330, 11.087547
-0.033519, 0.416591, 11.106701
0.227449, 0.282516, 11.087547
0.038307, 0.296881, 11.171345
0.114922, 0.169988, 11.030087
0.146046, 0.320823, 10.881649
0.079009, 0.270545, 10.699688
-0.040701, 0.196325, 10.570400
-0.105345, 0.148441, 10.369289
-0.184354, 0.301669, 10.424355
-0.160412, 0.098162, 10.060436
-0.131681, 0.143652, 9.976639
-0.160412, 0.328006, 10.089165
-0.062249, 0.225055, 10.141838
-0.033519, 0.280122, 9.993397
0.263362, 0.253785, 9.629478
0.047884, 0.311246, 10.156204
-0.107739, 0.421380, 10.745178
0.038307, 0.483629, 10.697292
-0.035913, 0.392649, 10.747574
-0.026336, 0.395043, 10.845734
-0.035913, 0.316035, 10.831367
-0.098162, 0.320823, 10.907982
-0.047884, 0.359130, 10.778698
-0.007183, 0.287304, 10.668564
-1.244985, 0.395043, 9.543289
-0.565032, 0.600945, 8.372524
1.134851, 0.550666, 10.330982
-0.136469, -0.055067, 11.791443
0.632069, 0.141258, 10.958263
1.010353, -0.708684, 9.354145
-5.310339, 1.163582, 15.485699
5.322311, -0.931345, 8.236053
-3.679889, 1.635240, 13.630192
2.738967, -0.213084, 8.537724
-4.027048, 1.261744, 12.524071
0.742203, 0.162806, 8.707710
-3.327941, 1.544260, 11.999741
1.108515, -0.440533, 9.160217
-1.446098, 0.732626, 10.673351
1.395820, 0.052672, 8.564060
-1.927332, 0.849942, 10.927135
1.084573, 0.155623, 9.279926
-0.754174, 0.541090, 10.520123
0.742203, 0.474052, 9.732430
-0.404620, 0.670377, 10.805035
0.694319, 0.265756, 10.189724
-1.039083, 0.636858, 11.621456
-0.126893, 0.579397, 10.953472
-0.670377, 0.478840, 11.063606
0.131681, 0.184354, 10.670959
-0.596156, 0.442927, 11.389217
-0.189142, 0.225055, 11.034878
-0.387861, 0.076614, 10.948685
0.035913, 0.201113, 10.802639
0.009577, 0.316035, 10.694901
0.004788, 0.050278, 10.414780
0.201113, 0.313640, 10.352528
-0.189142, 0.143652, 10.280704
0.009577, 0.292093, 10.153809
-0.052672, 0.268151, 9.868900
-0.196325, 0.378284, 10.026917
-0.344765, 0.402226, 10.223244
-0.366313, 0.126893, 10.103531
-0.258574, 0.301669, 10.177753
-0.426168, 0.124499, 10.383652
-0.347159, 0.344765, 10.635044
-0.047884, 0.301669, 10.776302
-0.098162, 0.418985, 11.077972
-0.150835, 0.361524, 11.123463
0.002394, 0.282516, 11.130646
0.100556, 0.316035, 11.013329
0.205901, 0.124499, 10.996571
0.059855, 0.256180, 10.845734
0.119710, 0.328006, 10.682930
0.016759, 0.241814, 10.510548
-0.119710, 0.143652, 10.498573
-0.296881, 0.227449, 10.062832
-0.931345, 0.383072, 8.195354
-0.040701, 0.639252, 9.121910
0.287304, 0.409409, 11.300632
-0.131681, -0.229843, 10.939110
0.454898, 0.248997, 10.975021
-0.337582, -0.203507, 11.044453
4.683058, 1.316811, 9.780315
-4.546589, 2.815581, 15.116989
4.225765, -1.175553, 7.987059
-2.681506, 1.307234, 13.539211
2.217031, -0.679953, 7.647081
-3.916914, 1.436521, 12.571953
2.528277, -0.141258, 8.966286
-2.530671, 0.821211, 11.966221
1.956063, -0.311246, 8.250420
-2.248156, 0.785298, 10.714054
1.266533, 0.038307, 9.078812
-1.908179, 0.885855, 11.353306
1.695095, 0.203507, 8.832211
-1.024718, 1.029507, 10.718842
0.988805, 0.342371, 9.651028
-0.478840, 0.459687, 10.867283
0.457293, 0.318429, 10.251972
-0.893037, 0.754174, 11.295845
-0.102951, 0.316035, 10.647015
-0.517148, 0.543484, 11.341335
-0.201113, 0.483629, 11.209652
-0.325611, 0.313640, 11.221622
-0.019154, 0.198719, 10.986992
0.064643, 0.296881, 10.824188
-0.129287, 0.270545, 10.922348
0.067038, 0.409409, 10.529701
-0.059855, 0.385466, 10.568008
-0.117316, 0.294487, 10.438721
0.067038, 0.167594, 10.110714
-0.196325, 0.158017, 10.002975
0.019154, 0.486023, 10.007763
-0.244209, 0.201113, 9.981426
-0.239420, 0.294487, 9.974243
-0.328006, 0.421380, 10.127472
-0.457293, 0.294487, 10.211269
-0.347159, 0.483629, 10.354923
-0.191536, 0.407014, 10.520123
-0.177171, 0.457293, 10.836159
-0.217872, 0.251391, 10.953472
-0.083797, 0.165200, 10.986992
0.028730, 0.256180, 11.034878
0.057461, 0.110133, 11.147404
-0.179565, 0.141258, 10.414780
0.095768, 0.158017, 8.322247
-0.213084, 0.895432, 10.589554
0.395043, 0.105345, 11.676521
-0.718261, -0.023942, 11.638214
0.464475, 0.040701, 10.917561
-1.393425, -0.799664, 12.090721
6.840235, -1.256956, 6.744467
-3.344700, 1.525106, 14.472950
2.906561, -0.773327, 9.050083
-3.653552, 0.914585, 12.636597
2.932898, -0.974440, 7.515400
-2.585738, 0.780510, 11.834541
2.111686, -0.292093, 8.585609
-2.051831, 0.711078, 10.891224
1.142034, -0.146046, 8.690952
-2.348712, 1.036689, 11.432312
1.948880, 0.102951, 8.662224
-1.498770, 0.742203, 11.247959
1.513135, 0.229843, 9.610325
-0.782904, 1.139640, 11.319786
0.766145, 0.354342, 10.242397
-0.816423, 0.730232, 11.360489
0.418985, 0.344765, 10.443508
-0.881066, 0.667982, 11.528084
0.251391, 0.155623, 10.613495
-0.502782, 0.414197, 11.238384
0.050278, 0.342371, 10.809822
-0.328006, 0.141258, 10.931927
0.100556, 0.105345, 10.520123
0.095768, 0.373495, 10.532093
-0.114922, 0.349553, 10.532093
0.031125, 0.545878, 10.417171
-0.064643, 0.399832, 10.510548
-0.222661, 0.560243, 10.400414
-0.189142, 0.423774, 10.160992
-0.186748, 0.562637, 10.184933
-0.105345, 0.517148, 10.268730
-0.263362, 0.320823, 10.199299
-0.227449, 0.311246, 10.240002
-0.337582, 0.287304, 10.517727
-0.354342, 0.395043, 10.601524
-0.241814, 0.507571, 10.654198
-0.050278, 0.409409, 10.726025
-0.028730, 0.445322, 10.855312
-0.567426, 0.450110, 10.702084
0.407014, 0.167594, 7.900866
-0.442927, 0.995988, 10.699688
0.593762, 0.203507, 11.930309
-0.562637, -0.141258, 11.772289
0.651223, -0.033519, 11.145008
-0.009577, -0.703895, 10.615891
1.022324, 1.623269, 12.050018
-3.514688, 1.233014, 14.319721
-1.513135, -0.031125, 11.015724
-0.146046, 0.426168, 10.503365
0.308852, -0.174777, 7.819464
-1.443704, 0.603339, 10.163387
-0.691924, 0.232238, 10.273521
-1.254562, 0.438139, 10.596737
-0.093374, 0.227449, 8.918400
-0.754174, 0.385466, 9.459492
-0.033519, 0.433351, 9.974243
-0.641646, 0.636858, 10.685322
0.533907, 0.596156, 10.026917
-0.390255, 0.670377, 10.565613
0.342371, 0.246603, 10.340557
0.162806, 0.304064, 10.924744
0.095768, 0.179565, 11.020512
-0.102951, 0.445322, 11.113884
-0.332794, 0.323217, 11.183315
-0.495600, 0.349553, 11.494564
-0.220267, 0.213084, 11.307816
-0.196325, 0.055067, 10.934319
-0.124499, 0.067038, 10.790668
0.016759, 0.244209, 10.477028
-0.186748, 0.304064, 10.383652
0.086191, 0.335188, 10.129868
-0.107739, 0.418985, 10.175358
-0.117316, 0.299275, 10.101139
-0.011971, 0.351948, 9.804256
-0.088585, 0.469264, 9.907207
-0.124499, 0.493206, 9.911995
-0.270545, 0.356736, 10.034100
-0.378284, 0.450110, 10.137051
-0.426168, 0.502782, 10.292675
-0.328006, 0.390255, 10.556034
-0.373495, 0.634464, 10.826580
-0.016759, 0.402226, 10.946289
-0.047884, 0.495600, 11.212048
-0.021548, 0.421380, 11.145008
0.181959, 0.428562, 11.168953
0.067038, 0.368707, 11.247959
0.126893, 0.301669, 11.001358
-0.114922, 0.287304, 10.019733
-0.632069, 0.490811, 8.755596
0.758962, 0.493206, 9.840168
-0.019154, 0.203507, 11.475410
-0.366313, 0.143652, 10.986992
-0.203507, 0.093374, 10.742783
5.686230, -1.441309, 6.998253
-0.105345, 0.931345, 12.605473
2.659958, -0.074220, 8.963890
-1.838747, 0.634464, 12.105083
1.908179, -0.251391, 9.071632
-1.558625, 0.517148, 10.668564
1.355118, -0.107739, 9.689335
-1.074996, 0.593762, 10.939110
1.309628, -0.069432, 8.743626
-1.189919, 0.553061, 10.522518
0.471658, 0.160412, 10.000580
-0.452504, 0.476446, 10.596737
0.811635, 0.035913, 9.852142
-0.275333, 0.615310, 10.805035
0.471658, 0.579397, 10.290279
-0.272939, 0.445322, 10.757149
0.284910, 0.251391, 10.259155
-0.438139, 0.486023, 10.955868
-0.021548, 0.387861, 10.666168
-0.533907, 0.289698, 11.054031
-0.079009, 0.213084, 10.807426
-0.148441, 0.196325, 10.924744
-0.138864, -0.023942, 10.773907
0.004788, 0.076614, 10.529701
0.100556, 0.299275, 10.503365
-0.220267, 0.316035, 10.771515
-0.019154, 0.500388, 10.498573
-0.162806, 0.397438, 10.388443
-0.232238, 0.339977, 10.474632
-0.172383, 0.490811, 10.206482
-0.248997, 0.445322, 10.259155
-0.217872, 0.414197, 10.259155
-0.234632, 0.263362, 10.295067
-0.368707, 0.337582, 10.295067
-0.416591, 0.193930, 10.457874
-0.299275, 0.347159, 10.591949
-0.148441, 0.371101, 10.678139
-0.035913, 0.426168, 10.730812
-0.146046, 0.344765, 10.848129
-0.339977, 0.287304, 10.596737
-0.653617, 0.397438, 9.236832
-0.064643, 0.517148, 9.727642
0.682348, 0.411803, 11.286266
-0.177171, 0.155623, 11.710041
0.426168, 0.143652, 11.046848
-0.366313, 0.028730, 11.449074
1.857901, 0.203507, 9.483433
-9.169792, 2.341529, 17.156853
6.086061, -1.745373, 6.804321
-3.210625, 1.300052, 11.848904
2.408567, -0.876278, 7.757214
-3.126827, 1.036689, 12.437878
2.154781, -0.023942, 8.319851
-2.159570, 0.656011, 10.903194
1.237803, 0.021548, 8.499416
-1.343147, 0.651223, 10.620678
1.156399, 0.062249, 9.289501
-0.885855, 0.555455, 10.766727
1.244985, -0.143652, 9.229649
-0.445322, 0.648829, 10.608707
0.500388, 0.301669, 10.247185
-0.399832, 0.493206, 11.089943
0.588974, 0.418985, 10.625469
-0.766145, 0.531513, 11.463440
0.337582, 0.351948, 10.596737
-0.294487, 0.339977, 11.149799
-0.198719, 0.294487, 11.178528
-0.277727, 0.220267, 11.140221
-0.045490, 0.023942, 10.800243
0.009577, 0.189142, 10.625469
0.253785, 0.150835, 10.402805
0.126893, 0.229843, 10.354923
0.081403, 0.354342, 10.292675
-0.146046, 0.258574, 10.314220
-0.055067, 0.488417, 10.129868
-0.038307, 0.416591, 9.933544
-0.155623, 0.464475, 10.230423
-0.268151, 0.430956, 10.093956
-0.248997, 0.330400, 10.218452
-0.347159, 0.395043, 10.376472
-0.306458, 0.418985, 10.481815
-0.347159, 0.488417, 10.824188
-0.102951, 0.380678, 10.872070
-0.038307, 0.354342, 11.042061
0.088585, 0.311246, 10.970234
0.043096, 0.210690, 11.068394
0.189142, 0.225055, 10.910378
-0.043096, 0.265756, 10.862495
-0.684742, 0.462081, 9.842564
0.210690, 0.524330, 8.932766
0.177171, 0.509965, 10.893620
0.799664, -0.268151, 10.680534
-0.404620, 0.344765, 11.188107
0.260968, -0.081403, 10.623074
-3.969586, 2.181118, 14.465767
7.433996, -1.436521, 5.501875
-7.558495, 1.599327, 16.917427
2.470817, -0.450110, 9.100361
-3.088520, 1.065420, 12.208035
1.989582, -0.196325, 9.545681
-1.848324, 0.876278, 11.815388
1.381454, -0.201113, 9.057266
-2.032678, 0.902614, 10.977417
0.713472, 0.093374, 9.375694
-1.601721, 0.876278, 11.224018
1.501164, 0.220267, 9.320629
-0.895432, 0.521936, 11.049240
0.785298, 0.490811, 10.026917
-0.797269, 0.723049, 11.192894
0.035913, 0.213084, 10.479420
-1.063025, 0.656011, 11.238384
0.074220, 0.423774, 10.510548
-0.790087, 0.442927, 11.221622
0.227449, 0.093374, 10.395626
-0.481235, 0.270545, 11.001358
-0.150835, 0.129287, 10.809822
-0.191536, 0.031125, 10.723629
-0.160412, 0.165200, 10.702084
0.014365, 0.301669, 10.558430
-0.119710, 0.304064, 10.651806
0.181959, 0.414197, 10.393230
-0.237026, 0.418985, 10.477028
-0.174777, 0.476446, 10.242397
-0.277727, 0.438139, 10.376472
-0.215478, 0.514753, 10.307037
-0.383072, 0.428562, 10.335770
-0.256180, 0.433351, 10.259155
-0.268151, 0.323217, 10.400414
-0.404620, 0.251391, 10.522518
-0.059855, 0.373495, 10.486603
-0.155623, 0.390255, 10.831367
0.016759, 0.347159, 10.862495
-0.079009, 0.349553, 10.958263
-0.009577, 0.167594, 10.620678
-1.036689, 0.569820, 9.859322
0.514753, 0.433351, 8.805874
0.438139, 0.457293, 11.281479
0.217872, -0.251391, 11.453861
-2.073379, 1.635240, 13.491329
4.431667, -0.720655, 8.362946
-1.395820, 0.926556, 12.069172
2.530671, -0.282516, 9.940727
-0.840365, 0.241814, 12.524071
1.496376, -0.304064, 9.940727
-1.364695, 0.232238, 11.130646
0.081403, 0.002394, 10.548855
-0.924162, 0.859519, 10.086773
0.612916, -0.047884, 9.181763
-1.170764, 0.603339, 10.022129
0.711078, 0.330400, 9.133881
-0.967257, 0.490811, 10.359711
0.497994, 0.407014, 11.559208
0.038307, 0.533907, 10.953472
-0.440533, 0.407014, 11.097126
0.112527, 0.308852, 10.958263
-0.500388, 0.404620, 11.314999
-0.074220, 0.181959, 11.097126
-0.023942, 0.023942, 10.840946
-0.122104, 0.079009, 10.819397
0.023942, 0.232238, 10.469845
0.019154, 0.282516, 10.421959
0.007183, 0.395043, 10.386047
-0.095768, 0.380678, 10.280704
-0.059855, 0.347159, 10.091560
-0.165200, 0.454898, 10.034100
-0.251391, 0.545878, 10.017342
-0.385466, 0.392649, 10.108318
-0.588974, 0.452504, 10.139446
-0.256180, 0.402226, 10.251972
-0.562637, 0.450110, 10.524910
-0.306458, 0.435745, 10.675747
-0.270545, 0.304064, 10.831367
-0.081403, 0.325611, 10.936714
-0.177171, 0.332794, 11.123463
0.136469, 0.237026, 10.951080
-0.869095, 0.454898, 10.129868
0.050278, 0.339977, 8.559273
0.826000, 0.505177, 10.848129
0.311246, -0.306458, 11.578362
2.964022, 0.148441, 9.694122
-4.149151, 0.948104, 13.239937
3.596091, -1.046266, 8.848969
-3.057396, 1.553837, 14.003689
2.638411, -0.466869, 9.603142
-2.219425, 0.902614, 12.152969
1.264139, -0.354342, 8.853760
-2.260126, 0.421380, 11.075577
0.864307, 0.158017, 9.028534
-1.640028, 0.363919, 10.785881
0.586579, -0.045490, 8.875305
-1.221043, 0.758962, 10.235214
0.392649, 0.186748, 9.457096
-0.696713, 0.572214, 10.711658
0.624887, 0.229843, 9.686939
-0.371101, 0.708684, 10.831367
0.519542, 0.581791, 10.350136
0.399832, 0.533907, 10.776302
0.014365, 0.397438, 11.118675
-0.648829, 0.663194, 11.496956
-0.174777, 0.474052, 10.917561
-0.102951, 0.371101, 10.864887
-0.222661, 0.351948, 11.003750
-0.086191, 0.246603, 10.915165
-0.033519, 0.011971, 10.723629
-0.296881, 0.047884, 10.632652
0.043096, 0.205901, 10.345345
-0.028730, 0.064643, 10.204086
0.308852, 0.411803, 10.196907
0.045490, 0.428562, 10.302250
-0.040701, 0.380678, 10.098743
-0.086191, 0.517148, 9.995792
-0.095768, 0.545878, 10.007763
-0.227449, 0.620098, 10.240002
-0.167594, 0.450110, 10.256760
-0.318429, 0.512359, 10.477028
-0.169988, 0.373495, 10.362106
-0.375890, 0.383072, 10.613495
-0.126893, 0.440533, 10.802639
-0.086191, 0.483629, 11.006145
-0.136469, 0.392649, 11.097126
0.035913, 0.265756, 11.097126
0.158017, 0.316035, 10.917561
0.088585, 0.215478, 10.876858
0.201113, 0.301669, 10.766727
0.126893, 0.342371, 10.666168
-0.043096, 0.347159, 10.608707
-0.093374, 0.316035, 10.386047
-0.201113, 0.335188, 10.242397
0.014365, 0.272939, 9.536106
-0.045490, 0.071826, 9.442734
-0.098162, 0.258574, 9.744400
-0.383072, 0.385466, 10.565613
-0.277727, 0.141258, 10.316616
-0.126893, 0.208296, 10.287884
-0.102951, 0.237026, 10.402805
-0.165200, 0.284910, 10.658985
-0.114922, 0.335188, 10.817005
-0.014365, 0.385466, 10.831367
-0.040701, 0.404620, 10.896011
-0.102951, 0.387861, 10.869675
-0.114922, 0.395043, 10.838551
-0.198719, 0.392649, 10.852917
-0.131681, 0.361524, 10.697292
-0.222661, 0.323217, 10.639832
-0.325611, 0.356736, 10.517727
-0.227449, 0.313640, 10.412384
-0.225055, 0.172383, 10.378864
-0.155623, 0.191536, 10.371681
-0.117316, 0.225055, 10.371681
-0.179565, 0.265756, 10.287884
-0.198719, 0.294487, 10.242397
-0.158017, 0.356736, 10.386047
-0.213084, 0.392649, 10.445904
-0.186748, 0.383072, 10.654198
-0.213084, 0.533907, 10.680534
-0.217872, 0.478840, 10.498573
-0.270545, 0.469264, 10.718842
-0.222661, 0.438139, 10.800243
-0.234632, 0.416591, 10.749966
-0.198719, 0.284910, 10.749966
-0.191536, 0.251391, 10.630257
-0.122104, 0.342371, 10.591949
-0.074220, 0.330400, 10.687717
-0.124499, 0.258574, 10.558430
-0.100556, 0.284910, 10.520123
-0.071826, 0.332794, 10.457874
-0.153229, 0.356736, 10.453087
-0.122104, 0.383072, 10.321404
-0.134075, 0.476446, 10.386047
-0.102951, 0.524330, 10.472240
-0.215478, 0.366313, 10.431538
-0.165200, 0.402226, 10.496181
-0.174777, 0.409409, 10.563217
-0.172383, 0.344765, 10.649410
-0.031125, 0.373495, 10.577583
-0.074220, 0.375890, 10.587162
-0.067038, 0.366313, 10.661381
-0.004788, 0.361524, 10.697292
-0.014365, 0.330400, 10.757149
-0.040701, 0.316035, 10.608707
-0.064643, 0.323217, 10.565613
-0.040701, 0.385466, 10.618286
-0.114922, 0.347159, 10.635044
-0.026336, 0.359130, 10.558430
-0.112527, 0.294487, 10.453087
-0.011971, 0.399832, 10.436325
-0.028730, 0.301669, 10.438721
-0.114922, 0.323217, 10.491394
0.009577, 0.277727, 10.383652
-0.007183, 0.289698, 10.510548
-0.019154, 0.256180, 10.462662
-0.043096, 0.328006, 10.546459
-0.086191, 0.366313, 10.491394
-0.110133, 0.347159, 10.560825
-0.031125, 0.371101, 10.601524
-0.026336, 0.428562, 10.618286
-0.088585, 0.404620, 10.618286
-0.067038, 0.378284, 10.553642
-0.095768, 0.359130, 10.560825
-0.076614, 0.366313, 10.647015
-0.093374, 0.316035, 10.553642
-0.160412, 0.282516, 10.524910
-0.090980, 0.246603, 10.474632
-0.122104, 0.289698, 10.424355
-0.131681, 0.344765, 10.524910
-0.079009, 0.301669, 10.488998
-0.184354, 0.411803, 10.469845
-0.167594, 0.409409, 10.539276
-0.184354, 0.452504, 10.594341
-0.213084, 0.387861, 10.656593
-0.196325, 0.486023, 10.575188
-0.148441, 0.433351, 10.601524
-0.179565, 0.433351, 10.649410
-0.155623, 0.337582, 10.625469
-0.167594, 0.318429, 10.639832
-0.088585, 0.258574, 10.565613
-0.119710, 0.246603, 10.517727
-0.153229, 0.258574, 10.544064
-0.131681, 0.296881, 10.560825
-0.153229, 0.311246, 10.477028
-0.179565, 0.280122, 10.520123
-0.122104, 0.387861, 10.524910
-0.227449, 0.373495, 10.510548
-0.201113, 0.411803, 10.412384
-0.198719, 0.397438, 10.635044
-0.234632, 0.392649, 10.608707
-0.122104, 0.385466, 10.551247
-0.205901, 0.359130, 10.536880
-0.181959, 0.330400, 10.541672
-0.179565, 0.385466, 10.544064
-0.153229, 0.311246, 10.623074
-0.181959, 0.344765, 10.584766
-0.167594, 0.275333, 10.512939
-0.162806, 0.277727, 10.591949
-0.107739, 0.253785, 10.560825
-0.198719, 0.313640, 10.484211
-0.100556, 0.313640, 10.505756
-0.083797, 0.318429, 10.587162
-0.146046, 0.351948, 10.568008
-0.088585, 0.311246, 10.599133
-0.107739, 0.318429, 10.515335
-0.150835, 0.351948, 10.560825
-0.167594, 0.349553, 10.515335
-0.172383, 0.354342, 10.527306
-0.122104, 0.337582, 10.572796
-0.153229, 0.373495, 10.565613
-0.181959, 0.342371, 10.579979
-0.184354, 0.361524, 10.769119
-0.102951, 0.323217, 10.572796
-0.102951, 0.337582, 10.503365
-0.100556, 0.375890, 10.544064
-0.031125, 0.361524, 10.536880
-0.069432, 0.335188, 10.551247
-0.064643, 0.347159, 10.599133
-0.110133, 0.373495, 10.541672
-0.074220, 0.409409, 10.527306
-0.081403, 0.354342, 10.596737
-0.055067, 0.277727, 10.532093
-0.074220, 0.354342, 10.529701
-0.095768, 0.416591, 10.500969
-0.107739, 0.438139, 10.608707
-0.083797, 0.356736, 10.520123
-0.098162, 0.387861, 10.544064
-0.040701, 0.335188, 10.534489
-0.138864, 0.409409, 10.625469
-0.143652, 0.342371, 10.462662
-0.059855, 0.385466, 10.591949
-0.122104, 0.366313, 10.584766
-0.079009, 0.366313, 10.623074
-0.160412, 0.306458, 10.572796
-0.112527, 0.373495, 10.568008
-0.134075, 0.335188, 10.623074
-0.186748, 0.351948, 10.532093
-0.114922, 0.335188, 10.572796
-0.201113, 0.349553, 10.608707
-0.138864, 0.371101, 10.481815
-0.165200, 0.395043, 10.560825
-0.124499, 0.380678, 10.498573
-0.158017, 0.368707, 10.556034
-0.138864, 0.387861, 10.539276
-0.129287, 0.380678, 10.603920
-0.184354, 0.373495, 10.510548
-0.167594, 0.287304, 10.474632
-0.177171, 0.260968, 10.584766
-0.174777, 0.311246, 10.553642
-0.179565, 0.330400, 10.515335
-0.146046, 0.292093, 10.498573
-0.148441, 0.330400, 10.558430
-0.086191, 0.277727, 10.512939
-0.095768, 0.251391, 10.484211
-0.148441, 0.316035, 10.532093
-0.186748, 0.328006, 10.498573
-0.134075, 0.347159, 10.544064
-0.239420, 0.349553, 10.524910
-0.160412, 0.323217, 10.508152
-0.203507, 0.299275, 10.527306
-0.191536, 0.339977, 10.472240
-0.155623, 0.320823, 10.477028
-0.124499, 0.339977, 10.536880
-0.138864, 0.284910, 10.457874
-0.158017, 0.332794, 10.625469
-0.150835, 0.342371, 10.577583
-0.062249, 0.337582, 10.599133
-0.205901, 0.339977, 10.522518
-0.160412, 0.316035, 10.589554
-0.107739, 0.363919, 10.505756
-0.110133, 0.320823, 10.536880
-0.155623, 0.387861, 10.568008
-0.083797, 0.359130, 10.599133
-0.136469, 0.385466, 10.524910
-0.057461, 0.363919, 10.546459
-0.143652, 0.330400, 10.522518
-0.102951, 0.361524, 10.594341
-0.069432, 0.347159, 10.536880
-0.112527, 0.378284, 10.486603
-0.079009, 0.371101, 10.496181
-0.129287, 0.318429, 10.512939
-0.098162, 0.337582, 10.599133
-0.093374, 0.390255, 10.565613
-0.117316, 0.373495, 10.584766
-0.079009, 0.301669, 10.505756
-0.086191, 0.375890, 10.510548
-0.100556, 0.361524, 10.548855
-0.067038, 0.359130, 10.563217
-0.079009, 0.361524, 10.500969
-0.069432, 0.323217, 10.515335
-0.069432, 0.387861, 10.577583
-0.141258, 0.347159, 10.536880
-0.019154, 0.347159, 10.568008
-0.031125, 0.395043, 10.553642
-0.102951, 0.339977, 10.455479
-0.021548, 0.330400, 10.599133
-0.047884, 0.373495, 10.551247
-0.074220, 0.366313, 10.589554
-0.138864, 0.373495, 10.623074
-0.074220, 0.414197, 10.563217
-0.062249, 0.301669, 10.553642
-0.076614, 0.304064, 10.611103
-0.059855, 0.361524, 10.453087
-0.064643, 0.280122, 10.575188
-0.100556, 0.351948, 10.548855
-0.117316, 0.299275, 10.524910
-0.117316, 0.378284, 10.548855
-0.126893, 0.337582, 10.532093
-0.181959, 0.335188, 10.642227
-0.146046, 0.306458, 10.584766
-0.095768, 0.361524, 10.587162
-0.148441, 0.284910, 10.570400
-0.067038, 0.311246, 10.620678
-0.110133, 0.294487, 10.551247
-0.117316, 0.301669, 10.603920
-0.167594, 0.292093, 10.577583
-0.160412, 0.335188, 10.558430
-0.177171, 0.320823, 10.639832
-0.234632, 0.342371, 10.682930
-0.150835, 0.311246, 10.627861
-0.179565, 0.335188, 10.635044
-0.174777, 0.390255, 10.568008
-0.184354, 0.311246, 10.582371
-0.237026, 0.380678, 10.558430
-0.179565, 0.354342, 10.546459
-0.196325, 0.344765, 10.572796
-0.193930, 0.299275, 10.503365
-0.186748, 0.304064, 10.558430
-0.220267, 0.356736, 10.539276
-0.191536, 0.335188, 10.572796
-0.179565, 0.313640, 10.527306
-0.100556, 0.304064, 10.522518
-0.210690, 0.323217, 10.546459
-0.174777, 0.311246, 10.556034
-0.155623, 0.318429, 10.582371
-0.160412, 0.397438, 10.575188
-0.134075, 0.337582, 10.596737
-0.172383, 0.349553, 10.548855
-0.184354, 0.318429, 10.532093
-0.160412, 0.349553, 10.584766
-0.172383, 0.308852, 10.453087
-0.150835, 0.371101, 10.491394
-0.107739, 0.363919, 10.556034
-0.146046, 0.323217, 10.539276
-0.141258, 0.407014, 10.522518
-0.076614, 0.328006, 10.579979
-0.138864, 0.335188, 10.601524
-0.122104, 0.351948, 10.541672
-0.055067, 0.342371, 10.611103
-0.102951, 0.337582, 10.551247
-0.052672, 0.351948, 10.553642
-0.131681, 0.339977, 10.500969
-0.028730, 0.356736, 10.572796
-0.102951, 0.287304, 10.491394
-0.093374, 0.380678, 10.486603
-0.052672, 0.323217, 10.553642
-0.088585, 0.349553, 10.553642
-0.040701, 0.330400, 10.515335
-0.112527, 0.363919, 10.532093
-0.114922, 0.311246, 10.508152
-0.062249, 0.325611, 10.532093
-0.081403, 0.380678, 10.606316
-0.076614, 0.390255, 10.524910
-0.093374, 0.356736, 10.441113
-0.009577, 0.416591, 10.565613
-0.023942, 0.402226, 10.539276
-0.059855, 0.373495, 10.536880
-0.052672, 0.323217, 10.625469
-0.052672, 0.395043, 10.548855
-0.076614, 0.395043, 10.591949
-0.081403, 0.349553, 10.613495
-0.062249, 0.325611, 10.568008
-0.105345, 0.366313, 10.493786
-0.105345, 0.366313, 10.668564
-0.107739, 0.342371, 10.548855
-0.110133, 0.356736, 10.623074
-0.069432, 0.371101, 10.589554
-0.076614, 0.361524, 10.505756
-0.100556, 0.378284, 10.582371
-0.119710, 0.351948, 10.635044
-0.184354, 0.368707, 10.558430
-0.131681, 0.363919, 10.596737
-0.119710, 0.371101, 10.541672
-0.193930, 0.328006, 10.565613
-0.138864, 0.349553, 10.582371
-0.165200, 0.383072, 10.613495
-0.222661, 0.342371, 10.510548
-0.234632, 0.313640, 10.560825
-0.208296, 0.323217, 10.565613
-0.112527, 0.407014, 10.508152
-0.158017, 0.328006, 10.589554
-0.134075, 0.397438, 10.582371
-0.184354, 0.332794, 10.505756
-0.208296, 0.335188, 10.460266
-0.150835, 0.275333, 10.484211
-0.205901, 0.351948, 10.505756
-0.143652, 0.328006, 10.469845
-0.167594, 0.268151, 10.639832
-0.153229, 0.344765, 10.484211
-0.208296, 0.253785, 10.584766
-0.179565, 0.275333, 10.565613
-0.222661, 0.299275, 10.558430
-0.184354, 0.354342, 10.544064
-0.105345, 0.308852, 10.500969
-0.148441, 0.368707, 10.606316
-0.189142, 0.356736, 10.558430
-0.143652, 0.320823, 10.469845
-0.138864, 0.301669, 10.486603
-0.138864, 0.318429, 10.558430
-0.098162, 0.385466, 10.603920
-0.112527, 0.330400, 10.498573
-0.110133, 0.418985, 10.582371
-0.143652, 0.378284, 10.517727
-0.105345, 0.328006, 10.596737
-0.136469, 0.351948, 10.536880
-0.083797, 0.330400, 10.589554
-0.126893, 0.337582, 10.656593
-0.045490, 0.361524, 10.508152
-0.081403, 0.330400, 10.488998
-0.040701, 0.323217, 10.584766
-0.093374, 0.330400, 10.663776
-0.088585, 0.299275, 10.620678
-0.095768, 0.378284, 10.534489
-0.052672, 0.354342, 10.527306
0.014365, 0.339977, 10.627861
-0.114922, 0.347159, 10.527306
-0.088585, 0.351948, 10.536880
-0.045490, 0.347159, 10.510548
-0.059855, 0.366313, 10.512939
-0.114922, 0.378284, 10.558430
-0.086191, 0.337582, 10.558430
-0.057461, 0.426168, 10.496181
-0.117316, 0.335188, 10.594341
-0.095768, 0.366313, 10.584766
-0.067038, 0.368707, 10.553642
-0.129287, 0.306458, 10.553642
-0.074220, 0.325611, 10.527306
-0.107739, 0.318429, 10.546459
-0.193930, 0.378284, 10.556034
-0.122104, 0.418985, 10.477028
-0.107739, 0.390255, 10.615891
-0.076614, 0.421380, 10.515335
-0.088585, 0.356736, 10.558430
-0.124499, 0.371101, 10.565613
-0.105345, 0.373495, 10.601524
-0.138864, 0.320823, 10.587162
-0.095768, 0.342371, 10.544064
-0.141258, 0.371101, 10.618286
-0.100556, 0.260968, 10.551247
-0.095768, 0.325611, 10.565613
-0.165200, 0.332794, 10.577583
-0.088585, 0.361524, 10.551247
-0.090980, 0.344765, 10.496181
-0.131681, 0.373495, 10.515335
-0.141258, 0.323217, 10.539276
-0.210690, 0.347159, 10.493786
-0.131681, 0.320823, 10.503365
-0.208296, 0.304064, 10.615891
-0.112527, 0.301669, 10.613495
-0.186748, 0.313640, 10.532093
-0.117316, 0.387861, 10.615891
-0.210690, 0.308852, 10.486603
-0.146046, 0.313640, 10.510548
-0.141258, 0.344765, 10.544064
-0.148441, 0.335188, 10.579979
-0.148441, 0.294487, 10.608707
-0.225055, 0.349553, 10.572796
-0.193930, 0.292093, 10.587162
-0.191536, 0.342371, 10.558430
-0.174777, 0.311246, 10.517727
-0.172383, 0.349553, 10.546459
-0.248997, 0.375890, 10.496181
-0.189142, 0.325611, 10.520123
-0.167594, 0.344765, 10.524910
-0.148441, 0.359130, 10.603920
-0.138864, 0.363919, 10.587162
-0.136469, 0.354342, 10.409988
-0.165200, 0.313640, 10.524910
-0.172383, 0.337582, 10.481815
-0.122104, 0.349553, 10.606316
-0.205901, 0.390255, 10.599133
-0.131681, 0.373495, 10.589554
-0.124499, 0.371101, 10.642227
-0.114922, 0.387861, 10.572796
-0.150835, 0.371101, 10.551247
-0.067038, 0.411803, 10.534489
-0.122104, 0.351948, 10.572796
-0.141258, 0.347159, 10.462662
-0.107739, 0.337582, 10.527306
-0.124499, 0.368707, 10.565613
-0.047884, 0.366313, 10.596737
-0.083797, 0.373495, 10.565613
-0.093374, 0.371101, 10.579979
-0.129287, 0.318429, 10.553642
-0.114922, 0.411803, 10.553642
-0.069432, 0.320823, 10.534489
-0.064643, 0.395043, 10.520123
-0.083797, 0.330400, 10.551247
-0.090980, 0.416591, 10.627861
-0.079009, 0.318429, 10.565613
-0.059855, 0.375890, 10.563217
-0.083797, 0.328006, 10.579979
-0.090980, 0.344765, 10.541672
-0.026336, 0.323217, 10.577583
-0.074220, 0.349553, 10.520123
-0.083797, 0.347159, 10.577583
-0.052672, 0.354342, 10.608707
-0.043096, 0.294487, 10.611103
-0.102951, 0.418985, 10.618286
-0.055067, 0.316035, 10.596737
-0.055067, 0.383072, 10.611103
-0.134075, 0.390255, 10.584766
-0.098162, 0.339977, 10.515335
-0.126893, 0.375890, 10.563217
-0.090980, 0.363919, 10.589554
-0.122104, 0.387861, 10.539276
-0.138864, 0.337582, 10.515335
-0.148441, 0.404620, 10.579979
-0.172383, 0.368707, 10.575188
-0.136469, 0.349553, 10.582371
-0.105345, 0.349553, 10.544064
-0.179565, 0.280122, 10.556034
-0.124499, 0.385466, 10.568008
-0.136469, 0.337582, 10.541672
-0.131681, 0.316035, 10.556034
-0.169988, 0.349553, 10.520123
