-1.460463, 1.513135, 12.011711
4.623203, -0.342371, 7.991846
-2.018312, 1.086967, 12.449848
0.086191, 0.404620, 10.314220
1.048660, 0.452504, 10.565613
1.187524, 0.038307, 9.323021
3.660735, -0.098162, 8.169018
-3.416526, 0.823606, 13.086708
1.175553, 0.050278, 9.943119
1.446098, 0.418985, 10.635044
-0.763750, 0.687136, 11.147404
1.118092, 0.653617, 9.593567
1.017536, -0.011971, 10.694901
0.526724, 0.399832, 10.168175
0.799664, 0.160412, 10.673351
-1.199495, 0.325611, 11.669338
2.229002, 0.196325, 8.384495
2.607285, -0.507571, 9.698910
-2.540248, 1.082179, 12.093113
0.469264, 0.136469, 11.238384
0.960075, 0.203507, 10.553642
0.988805, 0.691924, 9.404427
0.603339, -0.045490, 10.819397
-0.466869, 0.756568, 10.718842
1.412579, 0.074220, 10.398018
1.235408, -0.251391, 10.393230
-2.415750, 1.204284, 11.123463
3.375825, -0.667982, 8.870518
0.708684, 0.651223, 10.625469
-2.535460, 0.737414, 12.909538
0.826000, 0.141258, 10.958263
-2.097321, 1.515530, 10.943897
5.224148, -1.144428, 7.924809
-2.154781, 1.259350, 11.779472
-1.058237, 0.160412, 11.312603
2.542643, -0.440533, 9.653423
-0.727837, 0.699107, 10.579979
-0.016759, 0.000000, 11.006145
-0.969652, 1.335965, 10.728420
0.960075, -0.050278, 10.776302
0.119710, 0.016759, 10.840946
-2.214637, 1.194707, 11.884819
-0.225055, 0.253785, 10.520123
3.801992, -0.059855, 7.726089
-0.246603, -0.069432, 11.602303
-2.398991, 0.758962, 12.102692
-0.541090, 0.866701, 10.678139
2.528277, -0.536301, 9.402031
-1.106121, 1.489193, 11.092339
-0.991199, 0.806846, 11.362881
1.216255, 0.129287, 10.160992
-0.160412, 0.404620, 11.118675
-1.510741, 0.665588, 11.441891
-1.012747, 1.273715, 10.493786
3.663129, -0.497994, 8.822632
-1.635240, 0.775721, 11.006145
-0.445322, 0.545878, 11.736378
-4.695030, 1.788469, 13.220783
3.380613, 0.002394, 8.327034
0.603339, 0.586579, 10.848129
-2.741361, 1.340753, 11.341335
0.627281, 0.227449, 11.070789
-0.471658, 0.349553, 10.790668
0.440533, 0.773327, 9.916782
-1.244985, 0.916979, 11.176136
0.373495, 0.603339, 9.378090
2.985570, -0.330400, 9.895237
-4.797981, 1.838747, 13.417107
-0.062249, 0.591368, 10.182541
0.651223, 0.634464, 10.505756
2.750937, 0.011971, 7.931992
-1.723825, 0.735020, 12.739548
-3.579332, 1.065420, 12.222401
3.960010, -0.723049, 8.118736
-0.349553, 0.490811, 10.759544
-0.871490, 1.127669, 9.976639
-0.055067, 0.380678, 11.537659
0.177171, 0.591368, 10.548855
0.727837, 0.519542, 9.708488
-3.100492, 1.386243, 12.330139
3.208231, 0.086191, 7.213730
1.999159, -0.016759, 10.409988
-1.441309, 0.660800, 10.948685
-0.174777, 0.287304, 10.388443
-1.742979, 0.943316, 11.815388
3.974375, 0.205901, 7.170635
-1.869872, 0.871490, 12.308594
-0.186748, 0.469264, 10.457874
-0.098162, 0.509965, 10.673351
0.670377, 0.304064, 9.852142
0.811635, 0.730232, 9.550472
-1.668759, 0.584185, 11.616669
5.183447, -0.725443, 7.113174
-2.008736, 0.890643, 12.133816
-0.646435, 0.316035, 10.577583
-0.962469, 1.264139, 10.872070
2.415750, -0.107739, 8.999805
2.772486, 0.129287, 8.980652
-3.538630, 1.233014, 12.904747
0.952892, 0.052672, 10.187328
1.757344, 0.644040, 9.337387
0.088585, 0.174777, 10.357319
1.321599, 0.021548, 9.411606
-0.057461, 0.505177, 11.085155
1.683124, -0.165200, 9.653423
-2.272098, 1.189919, 12.370842
-0.706290, 0.632069, 10.982204
4.218584, -0.234632, 7.747637
-0.991199, 0.811635, 11.796234
1.065420, -0.533907, 7.821857
2.264915, 0.124499, 8.944736
-2.731784, 1.046266, 12.674904
1.975216, 0.043096, 9.495403
-2.317587, 1.127669, 12.792221
1.771709, -0.234632, 9.706093
-2.262521, 1.417367, 11.279083
1.422156, 0.189142, 10.014946
3.131616, -0.248997, 8.643070
-2.659958, 1.005565, 12.720394
-0.964863, 0.483629, 11.003750
1.532289, 0.454898, 8.832211
1.903390, -0.124499, 10.010159
0.347159, 0.581791, 9.756371
-2.858677, 1.156399, 12.885593
2.355895, -0.414197, 9.732430
-0.828394, 0.902614, 10.378864
1.762133, 0.167594, 9.713276
-0.311246, 0.998382, 10.156204
1.462857, -0.430956, 10.311829
3.543419, -0.842759, 8.822632
-1.484405, 1.271321, 11.382034
2.703053, -0.742203, 9.631874
-3.531447, 1.410185, 13.024460
-1.450886, 0.672771, 10.783485
4.220978, -1.007959, 8.334217
-2.262521, 1.429338, 11.676521
1.350330, -0.299275, 9.907207
-0.026336, 0.093374, 10.958263
-0.533907, 0.368707, 10.927135
0.672771, 0.090980, 10.172962
-2.882619, 1.766921, 11.944672
4.979940, -1.163582, 8.116344
-2.566585, 1.127669, 12.732365
-1.465251, 0.845153, 10.972626
-0.385466, 0.306458, 11.207260
0.569820, 0.474052, 9.885658
2.770092, -0.378284, 9.136272
-3.280057, 1.240197, 12.397179
0.306458, -0.067038, 10.867283
-1.240197, 0.749385, 11.561600
0.009577, 1.034295, 10.424355
-0.342371, 0.682348, 10.867283
0.469264, 0.466869, 9.823410
1.508347, 0.064643, 10.627861
-3.622428, 1.424550, 12.349293
1.436521, 0.169988, 9.253590
0.979228, 0.284910, 10.263943
1.278504, 0.263362, 8.901642
-1.244985, 0.610522, 12.492947
-4.340689, 1.604115, 13.000515
3.790022, -0.038307, 8.271969
-1.798046, 1.237803, 11.741165
0.761356, 0.466869, 9.105148
0.299275, 0.349553, 11.233597
-0.608127, 0.816423, 10.996571
1.027112, 0.251391, 9.265560
-2.135628, 0.950498, 12.085930
1.654394, 0.330400, 8.097191
2.636016, -0.181959, 10.196907
-4.055779, 1.659182, 12.928692
2.018312, -0.196325, 9.220070
-4.153940, 1.616086, 13.397953
6.124369, -0.423774, 5.453991
-0.897826, 0.550666, 12.289440
-0.950498, 0.562637, 11.018116
2.918532, -0.313640, 8.432377
-3.275269, 1.031901, 12.519283
2.774880, 0.390255, 8.319851
-1.620875, 0.840365, 11.829750
2.676718, 0.076614, 8.930374
0.371101, 0.469264, 10.618286
-4.089296, 1.221043, 12.957420
2.674323, 0.699107, 8.137890
1.113304, 0.076614, 9.969456
2.700660, -0.301669, 8.757992
-2.298433, 0.945710, 11.808205
0.222661, 0.184354, 10.821793
0.732626, 1.043872, 9.993397
-0.543484, 0.124499, 10.704475
2.142811, 0.076614, 9.318233
-1.403002, 1.027112, 11.453861
3.892972, -0.952892, 8.475475
-3.284845, 1.865083, 12.837711
0.857124, -0.019154, 9.411606
4.771645, -0.620098, 7.369354
-1.498770, 0.804452, 12.143391
1.264139, -0.181959, 9.670181
-3.981558, 2.121263, 13.934254
2.183512, -0.430956, 8.647858
3.145981, -0.296881, 8.616734
-4.082113, 1.934515, 13.498512
5.030218, -0.979228, 7.383718
-1.956063, 1.197101, 12.696453
1.980005, -0.488417, 9.193733
-1.565808, 0.869095, 10.884041
0.646435, 0.172383, 10.556034
5.121199, -1.036689, 7.817070
-4.879383, 1.790863, 14.539989
0.011971, 0.213084, 10.204086
1.697489, 0.081403, 9.368511
1.125275, 0.239420, 10.450691
1.781286, 0.167594, 9.275139
-3.203443, 1.051054, 12.993332
3.253720, -0.897826, 9.174580
-2.008736, 0.885855, 10.788273
1.323994, 0.098162, 10.086773
-0.627281, 0.780510, 11.037270
1.819593, -0.421380, 10.821793
-1.106121, 0.694319, 11.997345
-1.841141, 1.158793, 10.484211
1.891419, -0.196325, 10.110714
3.184289, -0.172383, 8.159439
-0.146046, 0.251391, 11.523293
-2.181118, 0.502782, 12.337322
-0.220267, 0.404620, 9.986217
3.143587, -0.390255, 9.232040
-1.328782, 1.338359, 11.252750
-1.019930, 0.342371, 11.774685
1.438915, 0.059855, 10.500969
-0.545878, 0.782904, 10.673351
-0.802058, 0.399832, 11.360489
-0.993594, 1.072602, 10.862495
4.627993, -1.048660, 8.439560
-0.730232, 0.672771, 11.532871
-3.801992, 1.417367, 12.758701
1.821988, -0.332794, 9.885658
0.016759, 1.041478, 10.369289
2.798822, -0.232238, 9.141064
-3.854665, 1.371878, 13.086708
1.359907, 0.028730, 10.268730
1.510741, 0.131681, 9.904812
-2.545036, 1.357512, 11.228806
2.262521, -0.275333, 9.433155
-0.799664, 0.519542, 10.620678
2.183512, -0.124499, 10.022129
-3.699042, 1.316811, 12.823345
-1.453280, 0.972046, 11.077972
3.871425, -0.167594, 8.698135
-0.766145, 0.790087, 10.469845
-1.805228, 0.792481, 12.689270
-2.126051, 1.146822, 11.733982
2.669535, 0.248997, 8.578426
1.323994, 0.383072, 9.900024
-2.588132, 0.897826, 11.178528
1.273715, -0.026336, 10.982204
-0.411803, 1.027112, 11.020512
-0.622493, 0.667982, 10.699688
-2.315193, 1.498770, 12.152969
2.169147, 0.459687, 8.039730
1.733402, 0.158017, 10.922348
-3.057396, 1.350330, 12.222401
-0.751779, 0.603339, 10.596737
1.419762, 0.466869, 10.184933
1.266533, 0.588974, 8.319851
-1.505953, 0.550666, 12.641384
-1.584962, 1.335965, 11.513718
2.171541, 0.071826, 9.244015
-1.185130, 0.900220, 11.595119
-0.751779, 1.278504, 9.979034
-0.402226, 0.347159, 11.140221
3.682282, -0.131681, 8.511387
-0.816423, 0.423774, 11.195290
-3.318364, 1.204284, 12.399570
2.738967, 0.785298, 8.051701
1.764527, -0.526724, 9.653423
-0.213084, 0.840365, 10.735600
-4.134787, 1.355118, 13.017277
1.462857, 0.040701, 9.476250
2.961628, 0.567426, 9.014172
-3.344700, 0.962469, 11.681313
2.679111, 0.174777, 8.386890
1.472434, 0.225055, 10.491394
0.282516, 0.011971, 9.849747
-1.316811, 1.587356, 11.255142
-0.835577, 0.462081, 10.134655
5.396530, -0.392649, 7.271191
-2.145205, 0.806846, 12.473793
-1.817199, 0.998382, 11.219231
1.857901, 0.615310, 9.708488
1.838747, -0.368707, 9.050083
2.001553, -0.143652, 8.645462
-1.575385, 0.703895, 11.966221
0.830788, -0.009577, 9.545681
3.663129, -0.313640, 9.397243
-3.754108, 1.264139, 12.042835
2.319982, 0.237026, 8.485050
1.144428, -0.055067, 10.697292
2.540248, -0.378284, 8.714893
-1.987187, 1.125275, 12.617443
-1.340753, 0.373495, 10.943897
5.947197, -0.888249, 6.627151
0.620098, 0.050278, 10.795456
-1.790863, 0.940921, 11.219231
-0.818817, 0.497994, 11.662159
3.756503, -0.787692, 8.889671
-1.889025, 1.204284, 10.831367
-0.165200, 0.268151, 10.807426
2.518701, 0.035913, 9.050083
1.194707, -0.210690, 10.699688
0.074220, 0.213084, 10.783485
-3.224990, 1.264139, 11.104309
5.815516, -1.254562, 7.560890
0.430956, 0.624887, 10.225636
-3.964798, 1.089362, 13.362041
1.048660, -0.102951, 10.735600
-0.500388, 0.751779, 10.381260
3.404555, -0.225055, 8.808270
-1.424550, 1.273715, 11.077972
-1.644817, 0.387861, 12.325352
3.543419, -0.766145, 9.232040
-1.074996, 0.883461, 10.137051
-0.739808, 0.217872, 10.905590
0.833182, 0.739808, 9.876083
2.181118, -0.337582, 9.991005
-0.418985, 0.320823, 11.705254
-4.113239, 1.671153, 12.282257
3.574543, -0.770933, 8.848969
2.427721, 0.586579, 8.597580
-0.311246, 0.079009, 11.034878
-2.121263, 0.488417, 11.935097
1.441309, 0.016759, 9.763554
0.737414, 0.002394, 10.302250
-1.300052, 1.230620, 10.924744
-0.696713, 0.237026, 11.303028
2.408567, -0.114922, 9.780315
-1.051054, 0.979228, 11.286266
-2.080562, 0.500388, 12.251129
-1.137246, 1.259350, 10.649410
6.220137, -1.106121, 7.077261
-2.181118, 0.742203, 11.722012
-1.642423, 0.517148, 12.306198
-2.434903, 0.871490, 11.616669
2.650381, 0.169988, 8.875305
0.464475, 0.378284, 10.783485
-3.335123, 1.283292, 11.757927
2.169147, -0.102951, 10.290279
-1.326388, 0.811635, 11.585545
-0.593762, 0.617704, 10.534489
-0.756568, 0.902614, 11.015724
2.229002, 0.033519, 8.195354
2.327164, -0.153229, 10.594341
-6.557718, 1.944092, 14.659698
0.603339, 0.565032, 9.504982
2.149993, 0.440533, 9.694122
0.988805, 0.533907, 9.337387
-1.381454, 0.794875, 12.464214
-3.675100, 1.623269, 12.624626
4.393360, -0.641646, 7.762003
-2.497152, 1.101333, 12.454639
-1.280898, 1.266533, 9.581596
3.785233, -0.543484, 9.545681
-3.742138, 1.383849, 12.832924
1.984793, -0.134075, 9.694122
-5.422867, 2.288857, 13.972561
4.778828, -0.088585, 6.349424
1.714249, 0.158017, 10.994175
-2.987964, 1.168370, 11.987770
1.125275, 0.296881, 9.756371
-1.912967, 0.778116, 11.666946
4.319139, -0.191536, 7.010223
-2.111686, 1.161188, 12.797009
0.593762, 0.565032, 10.163387
1.209072, 0.093374, 10.132263
-1.302446, 0.746991, 11.966221
-0.284910, 1.429338, 9.545681
1.158793, 0.059855, 10.369289
4.367023, -0.517148, 7.965509
-0.758962, 0.648829, 10.984596
-2.930503, 0.974440, 12.301411
1.165976, 0.909797, 9.071632
3.057396, -0.335188, 9.196129
1.259350, 0.550666, 9.399635
-2.513912, 1.462857, 12.480976
2.458845, -0.644040, 9.179371
-0.177171, 1.244985, 10.460266
-0.462081, 0.644040, 10.445904
3.833117, -0.172383, 7.936779
-0.344765, 0.550666, 11.465832
3.569755, -0.627281, 8.599972
-5.159506, 2.391808, 14.176071
-0.167594, 1.187524, 10.970234
6.830658, -1.407791, 5.875372
5.959169, -1.941698, 9.658211
-15.794552, 4.062960, 19.612701
5.643133, -0.835577, 5.956774
-8.432377, 3.071761, 17.441757
1.946486, 0.337582, 7.855377
4.508282, -1.022324, 8.078037
-2.535460, 2.549825, 12.969391
3.742138, -1.007959, 8.827423
-0.229843, 1.134851, 11.259930
0.215478, 0.490811, 9.275139
4.139574, -0.876278, 9.121910
0.287304, 1.221043, 10.302250
-3.696648, 0.806846, 13.565548
3.883395, -0.682348, 8.736443
-0.586579, 0.943316, 10.414780
1.113304, -0.272939, 10.168175
1.956063, 0.538695, 9.713276
-1.209072, 0.751779, 12.148182
0.991199, -0.342371, 10.038887
-0.524330, 0.967257, 10.709267
0.679953, 0.131681, 10.244789
0.974440, 0.466869, 9.751583
-0.670377, 0.725443, 11.820175
1.132457, -0.088585, 10.046070
-1.012747, 0.828394, 10.661381
0.550666, 0.289698, 10.314220
0.907403, 0.912191, 9.806652
-0.220267, 0.062249, 11.202469
0.299275, 0.064643, 10.280704
0.962469, 0.888249, 10.165779
-0.481235, 0.735020, 10.819397
1.419762, 0.421380, 9.801861
0.632069, 0.260968, 10.721237
-0.773327, 0.469264, 10.972626
1.249774, 0.198719, 10.395626
-1.774104, 0.701501, 12.004528
0.991199, 0.586579, 9.732430
1.077391, 0.081403, 10.273521
-0.715866, 0.581791, 10.874466
0.957681, 0.093374, 10.486603
-1.577779, 0.837971, 11.671734
0.356736, 0.876278, 9.892841
0.811635, -0.062249, 10.362106
-0.749385, 0.622493, 10.366894
0.756568, 0.342371, 10.814610
-2.068590, 0.586579, 11.844116
1.704672, 0.495600, 9.622295
0.421380, 0.617704, 10.237606
-1.553837, 0.981623, 10.898407
1.805228, -0.035913, 10.551247
-2.217031, 0.797269, 11.944672
0.806846, 0.739808, 9.878475
1.774104, 0.143652, 9.557655
-2.456451, 1.180342, 11.552025
1.826776, -0.102951, 10.180145
-0.928950, 0.814029, 10.943897
-0.141258, 0.550666, 10.793060
1.493982, 0.079009, 9.260773
-1.357512, 1.424550, 10.374077
0.217872, 0.028730, 11.104309
0.986411, -0.131681, 10.134655
-1.335965, 1.053449, 11.382034
1.058237, 0.282516, 9.643845
0.304064, 0.924162, 9.797073
-1.089362, 0.330400, 12.057201
1.223437, 0.086191, 9.718063
-0.560243, 0.873884, 11.111492
0.258574, 0.193930, 10.271126
0.826000, 1.039083, 9.914391
-1.039083, 0.608127, 11.659763
1.587356, 0.052672, 9.600750
-0.847548, 0.636858, 11.530476
0.177171, 0.371101, 10.275913
0.787692, 1.194707, 10.149021
-2.051831, 0.694319, 11.501747
3.694254, -0.754174, 8.595184
-1.903390, 1.314417, 11.942280
0.150835, 0.105345, 10.323799
2.078167, 0.586579, 9.828197
-2.882619, 1.060631, 11.968616
3.612851, -0.471658, 8.458714
-0.818817, 0.840365, 11.556812
-1.010353, 0.062249, 11.168953
3.253720, 0.237026, 9.531319
-2.525883, 1.163582, 11.801022
2.286463, -0.258574, 9.277531
0.928950, 0.277727, 10.639832
-2.181118, 0.586579, 11.585545
2.944868, 0.354342, 9.612720
-1.201890, 0.430956, 11.427525
0.011971, 0.483629, 10.180145
2.439692, 0.079009, 9.433155
-2.090138, 0.462081, 11.796234
0.806846, 0.545878, 11.027695
0.950498, 0.289698, 9.979034
-1.632846, 0.902614, 11.305420
2.525883, -0.162806, 9.227253
-1.189919, 0.414197, 11.245567
-0.167594, 1.000776, 11.291058
1.980005, -0.301669, 9.866505
-1.968034, 0.986411, 11.640610
1.426944, 0.098162, 9.864113
0.620098, 0.265756, 10.163387
-1.407791, 0.840365, 12.289440
2.683900, -0.701501, 9.591171
-3.155558, 1.647211, 12.095509
2.042254, -0.155623, 9.287109
0.684742, 0.126893, 10.697292
-2.552219, 1.027112, 12.698849
3.019089, -0.706290, 9.311050
-1.891419, 1.300052, 11.317390
0.950498, -0.062249, 10.146626
0.557849, 0.641646, 9.969456
-1.403002, 0.706290, 11.896790
2.396596, -0.725443, 9.356541
-1.359907, 1.039083, 11.688492
-1.197101, 0.785298, 11.164162
2.384625, 0.100556, 9.179371
-2.286463, 0.696713, 12.679695
1.747767, -0.414197, 9.504982
-0.167594, 0.967257, 10.951080
-0.981623, 0.474052, 11.238384
1.781286, 0.306458, 9.287109
-1.271321, 0.957681, 11.461044
0.735020, -0.095768, 10.218452
1.388637, 0.193930, 10.527306
-2.779669, 0.962469, 12.392387
1.436521, 0.624887, 9.074024
0.521936, 0.284910, 10.618286
-1.170764, 0.196325, 11.291058
1.757344, 0.143652, 10.096348
-2.784457, 1.110909, 12.368446
1.295263, 0.421380, 9.229649
1.041478, 0.311246, 10.041283
-2.296040, 0.957681, 11.420341
2.365472, -0.129287, 9.897629
-2.841918, 0.890643, 12.385208
0.979228, 0.588974, 9.583988
1.297657, 0.399832, 9.828197
-2.121263, 0.826000, 10.972626
2.138022, -0.193930, 10.330982
-1.853112, 0.984017, 11.571178
-0.311246, 0.794875, 10.457874
2.063802, 0.632069, 11.303028
2.169147, 0.045490, 9.016563
-2.410961, 1.367089, 11.054031
1.120486, -0.074220, 10.575188
0.208296, 0.339977, 10.409988
-0.995988, 1.086967, 11.082760
1.697489, 0.067038, 9.186554
-1.927332, 1.290475, 10.862495
-0.215478, 0.181959, 10.979809
2.592920, -0.189142, 9.035717
-2.667141, 1.027112, 12.394783
1.814805, 0.021548, 9.131485
-0.124499, 1.388637, 9.986217
-1.577779, 0.351948, 12.006924
2.604892, -0.177171, 8.987835
-1.546654, 0.725443, 11.982979
-0.387861, 0.466869, 10.153809
2.442086, 0.636858, 9.038113
-3.538630, 1.106121, 12.603077
4.264072, -0.670377, 7.814674
-1.295263, 1.142034, 11.944672
-1.383849, 0.507571, 10.647015
3.667917, 0.351948, 8.568848
-3.926491, 1.266533, 12.478580
3.770868, -0.395043, 8.037334
-0.150835, 0.471658, 11.336544
-1.970428, 0.665588, 11.329365
4.072536, 0.385466, 8.276756
-3.189077, 1.288081, 12.217613
2.758121, -0.359130, 8.985439
1.154005, 0.287304, 10.544064
-2.135628, 0.854730, 11.374851
3.943251, 0.114922, 8.987835
-2.664746, 1.177948, 11.911156
2.078167, 0.272939, 9.042900
1.223437, 0.272939, 10.462662
-1.177948, 0.323217, 10.975021
2.609680, 0.392649, 9.832989
-1.091756, 0.871490, 10.797852
0.905008, 0.411803, 10.105927
1.697489, -0.122104, 10.321404
-1.089362, 0.397438, 11.166557
2.264915, 0.603339, 10.043678
-0.639252, 0.347159, 11.235989
-0.773327, 0.845153, 11.015724
2.300828, -0.184354, 9.402031
-0.651223, 0.387861, 11.250355
0.555455, 0.500388, 11.384430
1.295263, -0.021548, 10.129868
-2.477999, 1.446098, 11.899185
3.227385, -0.541090, 8.777145
-1.118092, 0.462081, 11.671734
-0.117316, 0.756568, 11.623852
2.882619, -0.665588, 9.224861
-3.016694, 1.486799, 12.294228
1.948880, -0.253785, 9.476250
0.723049, 0.294487, 10.307037
-1.960851, 0.703895, 12.576744
3.907337, -1.089362, 8.954315
-3.825934, 1.987187, 12.401966
1.388637, -0.031125, 9.782707
1.877054, 0.265756, 9.775524
-2.904167, 0.835577, 13.285427
2.873042, -0.591368, 9.215282
-1.316811, 1.412579, 11.324574
-0.071826, 0.079009, 10.900803
1.604115, 0.517148, 9.600750
-1.328782, 0.713472, 12.059593
1.999159, -0.555455, 9.449913
-0.577003, 0.912191, 11.611877
-1.252168, 0.768539, 11.374851
1.424550, 0.581791, 9.662998
-0.653617, 0.311246, 11.449074
0.986411, -0.280122, 10.287884
-0.038307, 1.019930, 10.826580
-1.472434, 0.354342, 11.820175
1.690307, 0.636858, 9.483433
-1.149217, 0.735020, 11.360489
0.023942, 0.162806, 10.620678
1.321599, 0.272939, 10.702084
-3.062184, 0.864307, 12.689270
1.754950, 0.830788, 9.200916
-0.486023, 0.493206, 10.991779
-0.739808, 0.323217, 10.795456
1.549048, 0.260968, 10.395626
-2.904167, 0.926556, 12.574348
1.577779, 0.543484, 9.399635
0.931345, 0.234632, 10.211269
-2.595315, 0.940921, 11.324574
3.083732, -0.143652, 9.847351
-3.191471, 0.916979, 12.552799
0.849942, 0.600945, 10.007763
1.266533, 0.536301, 9.531319
-2.542643, 0.957681, 11.334152
2.353500, -0.256180, 10.259155
-2.111686, 0.730232, 11.841721
0.122104, 0.890643, 10.328587
1.692701, 0.155623, 9.289501
-2.691083, 1.182736, 11.386826
2.106897, 0.014365, 10.302250
-1.565808, 0.701501, 11.437103
0.193930, 0.687136, 10.615891
0.876278, 0.457293, 9.742008
-2.233790, 1.503559, 10.704475
2.059013, -0.172383, 10.144234
-0.038307, 0.277727, 10.627861
-0.864307, 0.940921, 11.106701
1.446098, 0.124499, 9.552864
-1.666365, 1.283292, 10.740391
-0.014365, 0.292093, 10.960655
1.884237, -0.045490, 9.193733
-1.778892, 0.775721, 12.121845
1.714249, -0.083797, 9.311050
-0.555455, 1.063025, 10.280704
-1.221043, 0.677559, 11.468227
2.552219, -0.215478, 8.769962
-1.862689, 0.960075, 12.287045
0.572214, 0.301669, 9.495403
1.168370, 0.730232, 9.809044
-2.691083, 1.098938, 11.858482
4.000711, -0.627281, 8.202534
-1.709460, 1.142034, 11.925518
0.227449, 0.023942, 10.036495
2.614469, 0.581791, 8.901642
-3.011906, 1.233014, 12.023682
3.241750, -0.304064, 8.336609
-0.509965, 0.581791, 11.377247
-0.842759, 0.225055, 10.805035
3.083732, 0.548272, 8.836998
-2.827553, 1.290475, 11.925518
3.081338, -0.395043, 8.592789
-0.179565, 0.560243, 11.226414
-0.371101, 0.277727, 10.601524
2.446875, 0.517148, 9.684547
-1.364695, 0.962469, 11.125854
1.673547, 0.217872, 9.378090
0.474052, 0.289698, 10.783485
-0.560243, 0.031125, 10.831367
2.375049, 0.421380, 10.060436
-1.386243, 0.981623, 10.812214
1.716643, 0.045490, 9.643845
0.284910, 0.311246, 10.982204
-1.213861, 0.294487, 11.336544
2.521094, 0.325611, 9.816227
-1.094150, 0.454898, 11.516109
-1.252168, 0.945710, 10.706871
2.810793, -0.071826, 9.217678
-2.298433, 0.782904, 11.887211
1.613692, 0.198719, 10.225636
0.423774, 0.292093, 10.556034
-2.195483, 1.165976, 11.394005
3.174712, -0.392649, 8.820240
-2.035071, 0.679953, 11.911156
-0.588974, 0.593762, 11.609486
3.433286, -0.739808, 8.937553
-3.936068, 1.680730, 12.600685
2.379837, -0.198719, 9.239223
0.454898, 0.486023, 10.390835
-2.183512, 0.749385, 12.737156
3.402161, -1.007959, 9.050083
-2.609680, 1.525106, 11.839329
0.090980, 0.414197, 10.570400
2.008736, 0.122104, 9.325417
-2.262521, 0.785298, 12.701241
2.264915, -0.361524, 9.397243
-1.175553, 1.386243, 10.934319
-0.143652, 0.282516, 10.965443
0.629675, 0.569820, 10.053253
-1.283292, 0.600945, 11.863270
2.291251, -0.644040, 9.337387
-1.209072, 1.098938, 11.401188
-0.268151, 0.416591, 10.941502
0.897826, 0.756568, 9.952698
-1.113304, 0.263362, 11.793839
1.582567, -0.435745, 9.775524
-0.296881, 0.943316, 11.010933
-2.154781, 0.895432, 11.978191
2.154781, 0.363919, 9.358936
-1.637634, 0.715866, 11.913548
0.423774, 0.131681, 10.007763
0.928950, 0.385466, 10.685322
-2.616862, 0.857124, 12.325352
1.180342, 0.735020, 9.718063
-0.375890, 0.524330, 10.994175
-1.561019, 0.632069, 10.709267
2.164358, 0.079009, 10.141838
-2.786851, 0.948104, 12.406754
0.792481, 0.739808, 9.909603
0.914585, 0.126893, 10.230423
-2.128446, 0.907403, 11.267113
1.312023, 0.193930, 10.551247
-2.109292, 0.612916, 12.105083
0.354342, 0.778116, 10.275913
1.180342, 0.296881, 9.861717
-1.819593, 0.974440, 10.994175
1.946486, -0.289698, 10.649410
-1.980005, 0.818817, 11.822567
0.047884, 0.881066, 10.534489
1.968034, 0.076614, 9.133881
-2.351107, 0.955287, 11.188107
1.838747, 0.172383, 10.445904
-1.266533, 0.754174, 10.982204
-0.071826, 0.584185, 10.898407
1.922544, -0.064643, 9.306263
-2.492364, 1.553837, 11.051636
0.852336, 0.241814, 10.881649
1.043872, -0.117316, 10.172962
-1.960851, 1.086967, 11.944672
1.786075, -0.088585, 9.131485
-0.988805, 1.216255, 10.726025
-0.699107, 0.567426, 11.398796
2.463634, -0.220267, 9.026142
-1.742979, 1.134851, 11.748348
0.945710, -0.253785, 9.811440
0.280122, 1.158793, 10.285492
-2.427721, 0.938527, 11.887211
3.840300, -0.490811, 8.171410
-2.262521, 1.108515, 12.231976
0.988805, 0.067038, 9.445126
1.458069, 0.914585, 10.058041
-3.493140, 1.146822, 12.234371
4.017471, -0.837971, 8.255207
-1.043872, 1.161188, 11.420341
-1.702278, 0.169988, 11.312603
4.041412, 0.146046, 8.743626
-4.496311, 1.740585, 12.761097
4.091690, -0.603339, 7.742849
0.452504, 0.497994, 11.020512
-2.985570, 0.620098, 12.045231
5.248091, -0.107739, 8.233662
-3.414132, 1.606510, 12.100296
1.642423, -0.141258, 9.392452
2.154781, 0.234632, 9.646240
-2.370260, 0.545878, 11.911156
3.773262, 0.086191, 9.011776
-0.435745, 0.421380, 10.673351
-1.110909, 0.897826, 10.986992
3.593698, -0.184354, 8.635887
-1.589750, 0.342371, 11.956646
1.261744, 0.505177, 10.611103
0.723049, 0.505177, 9.768345
-0.584185, 0.608127, 10.654198
2.027889, -0.038307, 9.844959
-0.945710, 0.344765, 11.073185
1.635240, 0.395043, 10.503365
1.010353, -0.074220, 10.340557
-1.702278, 1.132457, 11.183315
2.025495, 0.270545, 9.437943
-0.474052, 0.509965, 10.785881
0.790087, 0.292093, 11.135433
1.857901, -0.332794, 10.074802
-3.277662, 1.628057, 11.935097
3.227385, -0.181959, 8.848969
-1.750162, 0.725443, 11.796234
-0.220267, 0.488417, 11.240776
3.227385, -0.708684, 9.045296
-2.784457, 1.577779, 11.846512
1.383849, 0.205901, 9.792286
-0.215478, 0.785298, 10.881649
-1.192313, 0.667982, 11.779472
3.450045, -1.051054, 9.162609
-2.360683, 1.482011, 11.659763
0.009577, 0.615310, 10.532093
1.393425, 0.368707, 9.660603
-1.781286, 0.488417, 12.229584
3.430891, -0.608127, 8.662224
-1.249774, 1.371878, 11.291058
-1.307234, 0.581791, 11.554417
1.704672, 0.356736, 9.466675
-1.980005, 0.964863, 12.169727
2.161964, -0.600945, 9.253590
0.342371, 0.646435, 10.757149
-2.178723, 1.036689, 11.872849
1.161188, 0.720655, 9.794678
-0.043096, 0.318429, 10.934319
-0.711078, 0.244209, 10.682930
2.470817, 0.059855, 9.749191
-3.596091, 1.501164, 12.655750
1.532289, 0.440533, 9.490616
0.313640, 0.500388, 10.460266
-2.008736, 0.835577, 10.986992
2.475605, -0.134075, 9.780315
-2.736572, 0.984017, 12.445061
0.043096, 0.933739, 10.048466
0.972046, 0.543484, 10.058041
-2.628834, 1.024718, 11.245567
2.738967, -0.397438, 9.698910
-2.164358, 1.082179, 11.769897
-0.184354, 0.749385, 10.297462
1.819593, 0.031125, 9.890450
-3.325546, 1.347936, 11.434708
2.315193, -0.155623, 9.938332
-1.623269, 0.689530, 11.415554
-0.411803, 0.689530, 10.848129
1.898602, 0.057461, 9.449913
-2.820370, 1.398214, 11.274296
1.759738, -0.248997, 10.127472
0.371101, 0.256180, 10.400414
-2.195483, 1.254562, 11.793839
2.638411, -0.110133, 8.537724
-2.585738, 1.335965, 11.389217
0.169988, 0.071826, 10.910378
2.097321, 0.057461, 9.018959
-2.387019, 0.976834, 12.378025
1.692701, -0.079009, 9.404427
-0.603339, 1.297657, 10.287884
-2.030283, 0.677559, 11.865665
3.725378, -0.632069, 8.396465
-2.700660, 1.223437, 12.543224
-0.050278, 0.368707, 10.261551
1.551443, 0.684742, 9.629478
-3.007117, 0.814029, 12.358871
3.380613, -0.462081, 8.130711
-1.149217, 1.043872, 11.757927
-1.493982, 0.349553, 10.951080
3.205836, 0.323217, 8.693348
-4.548983, 1.438915, 12.684483
4.012682, -0.407014, 7.654264
-0.718261, 0.584185, 11.707645
-0.778116, 0.284910, 10.484211
3.083732, 0.416591, 8.975861
-3.627216, 1.221043, 12.050018
3.160346, -0.289698, 8.257603
0.351948, 0.524330, 10.754753
-1.644817, 0.457293, 10.943897
4.419697, -0.335188, 8.793903
-3.059790, 1.211466, 11.599907
2.454057, -0.033519, 8.700531
1.477222, 0.172383, 10.228031
-2.023101, 0.349553, 11.470623
3.512294, 0.124499, 9.220070
-0.931345, 0.847548, 10.579979
0.308852, 0.536301, 10.194511
2.640804, -0.294487, 9.351753
-1.326388, 0.450110, 11.492168
1.948880, 0.323217, 10.074802
1.154005, -0.081403, 10.213665
-2.341529, 1.285686, 11.324574
3.361460, -0.320823, 8.741230
1.867477, -0.165200, 9.617508
0.407014, 0.000000, 10.479420
-1.079785, 0.852336, 12.112267
3.600880, -1.017536, 8.667011
-3.222596, 1.477222, 12.169727
1.508347, -0.069432, 9.452309
0.972046, 0.237026, 9.928757
-1.879448, 0.509965, 12.598289
4.175488, -1.326388, 8.616734
-4.223372, 2.152388, 12.397179
1.795651, -0.004788, 9.205708
1.192313, 0.387861, 10.316616
-3.016694, 0.900220, 12.763489
4.307169, -1.197101, 8.408436
-2.305616, 1.565808, 11.494564
0.148441, 0.057461, 10.524910
1.235408, 0.775721, 9.557655
-2.183512, 0.814029, 12.119450
3.325546, -0.950498, 8.757992
-0.708684, 0.744597, 11.638214
-2.801216, 1.204284, 11.719620
3.320758, 0.148441, 8.511387
-2.202665, 0.454898, 12.564770
0.905008, -0.397438, 9.931149
1.230620, 0.751779, 10.005371
-2.585738, 0.766145, 11.992558
1.752556, 0.691924, 9.205708
-0.260968, 0.605733, 10.958263
-0.723049, 0.189142, 10.884041
2.554613, -0.045490, 9.801861
-3.967193, 1.280898, 12.880806
1.194707, 0.873884, 9.349358
1.158793, 0.237026, 9.902420
-2.391808, 0.636858, 11.595119
2.925714, -0.248997, 9.603142
-3.296816, 1.060631, 12.492947
0.826000, 0.826000, 9.813835
1.577779, 0.016759, 9.761162
-3.385402, 1.170764, 12.117054
3.313576, -0.241814, 9.361328
-2.602497, 0.682348, 12.277466
-0.213084, 0.979228, 10.287884
1.762133, 0.280122, 9.471462
-3.069366, 1.256956, 11.540054
3.098097, -0.445322, 9.856930
-1.707066, 0.792481, 11.334152
-0.711078, 0.957681, 10.723629
1.991976, 0.129287, 9.402031
-2.875437, 1.347936, 11.398796
1.580173, 0.052672, 10.113110
0.186748, 0.165200, 10.304646
-1.534683, 0.885855, 11.695675
2.056620, 0.040701, 9.081207
-2.480393, 1.539472, 11.116280
0.787692, 0.016759, 10.611103
0.852336, -0.016759, 9.962273
-1.522712, 1.098938, 11.705254
1.022324, 0.215478, 9.648632
-0.440533, 0.897826, 10.362106
-0.876278, 0.442927, 11.370064
2.171541, -0.234632, 9.165005
-1.877054, 1.216255, 12.121845
1.137246, 0.016759, 9.564835
0.517148, 0.964863, 9.581596
-1.534683, 0.529119, 11.920731
1.920150, -0.237026, 9.054871
-1.158793, 0.840365, 11.611877
0.282516, 0.474052, 9.868900
0.945710, 0.718261, 9.866505
-1.991976, 0.859519, 11.939884
2.961628, -0.407014, 8.592789
-1.249774, 1.173159, 11.659763
0.591368, -0.076614, 9.950302
1.467646, 0.778116, 9.816227
-1.635240, 0.739808, 11.331757
3.122039, -0.318429, 8.511387
-1.446098, 0.787692, 11.935097
0.682348, -0.067038, 9.883266
1.984793, 0.660800, 9.830593
-2.923321, 1.240197, 11.781868
4.055779, -0.612916, 7.967905
-0.952892, 0.972046, 11.561600
-0.514753, 0.248997, 10.467449
3.801992, 0.031125, 9.454704
-3.643975, 1.376666, 12.358871
3.244143, -0.117316, 8.310276
0.191536, 0.651223, 10.951080
-1.776498, 0.251391, 11.494564
3.766080, -0.021548, 9.270348
-1.764527, 1.151611, 11.197681
1.795651, 0.102951, 9.385269
1.544260, 0.093374, 10.259155
-2.032678, 0.598551, 11.860878
3.643975, 0.047884, 9.375694
-1.185130, 0.500388, 11.410767
-0.433351, 0.744597, 10.278309
2.138022, 0.071826, 9.533710
-1.106121, 0.371101, 11.434708
1.264139, 0.260968, 10.850521
1.130063, 0.083797, 10.098743
-1.905785, 1.192313, 11.427525
3.026271, -0.131681, 8.719685
-1.608904, 0.612916, 11.822567
0.167594, 0.565032, 11.386826
2.398991, -0.371101, 9.435551
-2.387019, 1.177948, 11.753136
2.303222, -0.088585, 9.208099
-0.232238, 0.756568, 10.737995
-0.749385, 0.519542, 11.829750
3.157952, -0.881066, 9.330204
-3.033454, 1.572990, 11.892002
1.874660, 0.191536, 9.251194
0.150835, 0.653617, 10.457874
-1.242591, 0.553061, 12.102692
2.456451, -0.502782, 9.583988
-1.953669, 1.472434, 11.303028
2.312799, -0.093374, 9.354145
-1.031901, 1.316811, 10.888828
-0.823606, 0.629675, 11.446678
3.421314, -0.861913, 9.124302
-2.509124, 1.300052, 11.944672
0.950498, 0.351948, 9.837776
0.617704, 0.914585, 10.000580
-2.106897, 0.679953, 12.382813
3.703831, -1.053449, 8.647858
-2.068590, 1.400608, 11.829750
-0.007183, 0.237026, 10.572796
2.181118, 0.615310, 9.313446
-3.205836, 1.237803, 12.557590
2.726995, -0.636858, 9.124302
-0.399832, 0.715866, 11.154587
-2.705448, 0.766145, 12.248737
2.712630, 0.725443, 8.530540
-1.982399, 0.974440, 11.884819
0.984017, -0.124499, 9.679756
1.142034, 0.229843, 10.558430
-3.066973, 1.142034, 12.117054
2.425326, 0.476446, 8.789116
-0.567426, 0.572214, 11.025299
-1.862689, 0.746991, 10.967838
2.068590, -0.081403, 10.122684
-3.011906, 0.639252, 12.265495
2.001553, 0.591368, 8.978256
-0.045490, 0.687136, 10.354923
-1.860295, 0.849942, 10.915165
2.932898, -0.565032, 9.866505
-3.284845, 1.036689, 11.987770
1.343147, 0.718261, 9.538502
1.470040, 0.260968, 9.428368
-3.466805, 1.218649, 11.777081
3.124434, -0.270545, 9.593567
2.154781, -0.282516, 9.945515
0.143652, 0.040701, 10.491394
-1.161188, 0.890643, 11.113884
1.635240, 0.002394, 9.217678
-1.259350, 0.995988, 10.587162
-0.612916, 0.330400, 11.312603
2.516306, -0.349553, 8.707710
-2.693477, 1.242591, 12.354080
2.252944, -0.239420, 8.705318
-0.234632, 1.233014, 10.237606
-0.945710, 0.464475, 11.458649
2.070985, -0.308852, 9.169792
-1.731008, 0.969652, 11.753136
1.132457, 0.083797, 9.504982
0.136469, 1.149217, 10.527306
-2.073379, 0.830788, 11.755531
3.452439, -0.756568, 8.403648
-1.855506, 1.328782, 11.762714
0.237026, 0.045490, 10.041283
2.159570, 0.679953, 9.421185
-2.849100, 1.101333, 11.918339
3.677494, -0.615310, 8.159439
-1.623269, 1.000776, 11.767502
-0.241814, 0.033519, 10.685322
2.276886, 0.615310, 9.526527
-2.767697, 1.161188, 11.733982
3.234567, -0.533907, 8.523357
-0.907403, 0.852336, 11.336544
-0.411803, 0.287304, 10.386047
2.748544, 0.162806, 9.964668
-2.226607, 0.909797, 11.700466
1.872266, 0.153229, 9.232040
0.426168, 0.560243, 10.522518
-1.359907, 0.189142, 11.101913
2.767697, 0.129287, 9.995792
-1.115698, 0.940921, 10.857704
0.921768, 0.112527, 9.861717
1.764527, 0.100556, 10.005371
-2.537854, 0.708684, 12.081142
3.145981, 0.150835, 9.442734
-0.517148, 0.416591, 11.104309
-1.074996, 0.754174, 10.759544
2.834735, -0.043096, 8.908825
-2.195483, 0.672771, 12.164940
0.900220, 0.318429, 10.955868
1.776498, -0.213084, 10.144234
-3.160346, 1.623269, 11.937492
3.462016, -0.361524, 8.516174
-1.450886, 0.768539, 11.741165
-0.366313, 0.581791, 11.573570
2.808399, -0.620098, 9.502586
-3.359065, 1.302446, 12.253525
2.255338, 0.011971, 9.370907
0.028730, 0.553061, 10.491394
-1.283292, 0.644040, 12.222401
3.193866, -1.086967, 9.121910
-2.375049, 1.364695, 11.556812
0.667982, 0.462081, 9.988609
1.151611, 0.385466, 9.797073
-2.329558, 0.854730, 12.447456
3.038242, -0.837971, 9.193733
-2.367866, 1.529895, 11.676521
0.778116, 0.088585, 10.362106
0.919374, 0.632069, 10.108318
-2.250549, 1.048660, 11.966221
3.031059, -0.871490, 9.057266
-0.696713, 0.737414, 11.449074
-2.090138, 0.921768, 11.930309
2.726995, 0.440533, 8.832211
-2.389414, 1.029507, 12.164940
1.503559, -0.395043, 9.643845
1.666365, 0.208296, 10.378864
-4.891354, 1.465251, 13.385983
3.936068, -0.131681, 7.965509
-1.781286, 0.883461, 11.923126
-1.046266, 0.459687, 10.783485
3.155558, -0.308852, 9.574413
-4.556166, 1.268927, 13.472176
1.984793, 0.553061, 9.042900
0.986411, 0.591368, 10.175358
-3.050213, 1.022324, 11.657368
3.715801, -0.541090, 9.356541
-2.444480, 1.170764, 12.152969
-0.672771, 1.005565, 10.230423
3.378219, -0.143652, 8.923191
-4.132393, 1.582567, 12.243950
2.329558, -0.234632, 10.086773
-1.403002, 0.538695, 11.477802
-0.620098, 0.840365, 10.790668
1.556231, 0.287304, 9.385269
-2.499547, 1.216255, 11.437103
2.092532, -0.316035, 10.024525
-0.222661, 0.383072, 10.714054
-1.065420, 1.132457, 11.054031
2.030283, 0.119710, 9.081207
-2.226607, 1.290475, 11.018116
0.873884, 0.038307, 10.644623
1.307234, 0.110133, 9.583988
-1.740585, 0.842759, 11.750744
1.467646, 0.162806, 9.579201
-0.608127, 1.486799, 10.228031
-1.292869, 0.404620, 11.753136
3.459621, -0.660800, 8.537724
-2.468422, 1.146822, 12.291832
0.995988, 0.253785, 9.615116
1.182736, 0.816423, 9.888054
-2.875437, 0.835577, 12.480976
3.943251, -0.490811, 8.142681
-2.035071, 1.127669, 12.057201
0.189142, 0.198719, 9.998188
2.401384, 0.646435, 9.306263
-3.196259, 1.216255, 12.303802
4.311958, -0.622493, 7.934385
-1.108515, 0.773327, 11.856087
-0.387861, 0.445322, 10.216061
2.703053, 0.799664, 9.176975
-2.889802, 1.165976, 11.992558
3.562572, -0.548272, 8.327034
-0.014365, 0.713472, 10.984596
-0.960075, 0.442927, 10.771515
3.160346, 0.325611, 9.050083
-2.983175, 1.288081, 12.129028
3.689466, -0.325611, 8.039730
0.593762, 0.407014, 10.896011
-1.680730, 0.438139, 11.331757
3.476381, 0.452504, 9.033325
-2.044648, 1.146822, 11.441891
2.523489, -0.141258, 9.157822
0.557849, 0.399832, 10.541672
-0.663194, 0.488417, 10.697292
2.722207, 0.373495, 9.907207
-0.646435, 0.577003, 11.212048
-0.306458, 0.878672, 10.522518
2.858677, -0.181959, 9.105148
-1.410185, 0.555455, 11.508930
1.321599, 0.416591, 10.869675
0.667982, 0.474052, 10.170570
-0.438139, 0.845153, 10.697292
1.996765, -0.040701, 9.701305
-1.043872, 0.435745, 11.324574
1.022324, 0.562637, 11.142616
2.310405, -0.373495, 9.538502
-3.562572, 1.584962, 12.524071
3.801992, -0.426168, 8.410831
-0.816423, 0.758962, 11.429920
-0.859519, 0.691924, 11.985374
4.180277, -0.852336, 8.894459
-4.400543, 2.183512, 12.868835
2.990358, -0.385466, 8.798691
0.979228, 0.284910, 10.417171
-2.664746, 0.984017, 12.799404
4.608839, -1.039083, 8.197746
-3.169924, 1.731008, 12.648567
1.086967, 0.050278, 9.847351
2.078167, 0.253785, 9.763554
-3.095703, 1.134851, 13.074738
4.163517, -1.249774, 8.518570
-2.092532, 1.328782, 12.179306
-0.603339, 0.514753, 10.711658
2.573767, 0.371101, 9.239223
-2.267309, 0.636858, 12.502522
1.939303, -0.433351, 9.698910
-0.325611, 1.137246, 11.271904
-1.941698, 0.524330, 11.856087
2.035071, 0.502782, 9.160217
-1.266533, 0.699107, 11.559208
0.945710, -0.325611, 10.254368
0.490811, 0.402226, 11.070789
-2.669535, 0.840365, 12.267891
1.601721, 0.751779, 9.390060
0.019154, 0.514753, 10.795456
-0.799664, 0.119710, 11.054031
1.685518, 0.184354, 10.508152
-3.995923, 1.182736, 12.813770
2.334347, 0.282516, 9.078812
-0.610522, 0.869095, 10.919956
-1.391031, 0.593762, 11.030087
2.628834, -0.083797, 10.038887
-4.146757, 1.005565, 13.036430
1.446098, 0.553061, 9.452309
0.823606, 0.730232, 9.823410
-3.215413, 1.118092, 11.774685
3.567361, -0.641646, 9.629478
-3.021482, 1.108515, 12.315773
-0.158017, 0.864307, 10.319012
2.561796, 0.023942, 9.160217
-3.684677, 1.414973, 12.114662
2.353500, -0.344765, 9.957485
-1.625663, 0.591368, 11.695675
-1.122880, 0.737414, 11.317390
2.044648, 0.268151, 8.894459
-3.208231, 1.599327, 11.585545
1.357512, -0.330400, 10.723629
-0.055067, 0.227449, 10.699688
-1.441309, 1.067814, 11.496956
1.719037, 0.184354, 8.980652
-1.795651, 1.259350, 10.828976
0.687136, 0.050278, 10.445904
0.531513, 0.239420, 10.149021
-1.503559, 0.811635, 11.765106
1.400608, -0.028730, 9.481041
-1.015141, 1.446098, 10.347740
-0.969652, 0.260968, 11.465832
1.774104, -0.284910, 9.658211
-2.008736, 0.818817, 12.026077
1.091756, 0.143652, 9.536106
-0.095768, 1.118092, 10.395626
-1.498770, 0.531513, 11.496956
2.676718, -0.268151, 9.002197
-1.970428, 1.086967, 12.138603
0.462081, -0.100556, 9.844959
1.534683, 0.773327, 9.500195
-2.468422, 1.082179, 11.657368
3.244143, -0.325611, 8.439560
-1.158793, 0.651223, 11.978191
-0.244209, 0.011971, 10.364498
1.769315, 1.063025, 9.263168
-0.837971, 0.928950, 10.726025
1.939303, 0.045490, 9.160217
-0.275333, 0.390255, 12.296619
-1.592144, 0.739808, 10.797852
3.679889, -0.526724, 8.360554
-2.880225, 1.242591, 12.483368
4.072536, -0.548272, 6.845024
-0.430956, 0.301669, 12.224796
1.659182, -0.481235, 9.296684
-2.434903, 0.842759, 12.260708
-0.517148, 0.761356, 10.814610
4.019865, -0.672771, 7.196972
-2.363077, 0.433351, 13.034035
2.834735, -0.373495, 8.295910
-2.262521, 0.093374, 12.595898
-0.852336, 0.069432, 11.750744
0.342371, 0.749385, 9.509769
1.790863, -0.347159, 9.691730
-1.074996, 1.314417, 11.853695
3.222596, -1.113304, 9.449913
-3.909732, 1.065420, 13.462597
-0.754174, 1.161188, 11.276691
3.672706, -0.541090, 9.148247
-4.723761, 2.341529, 13.060371
6.117186, -1.010353, 7.345411
-2.873042, 0.888249, 12.196064
-2.212242, 1.146822, 12.698849
-0.624887, 0.761356, 10.412384
1.352724, 0.632069, 8.178593
-0.280122, 1.048660, 10.907982
4.213795, -0.052672, 7.706936
-2.650381, 0.974440, 12.416332
-0.076614, 0.442927, 10.728420
1.826776, 0.205901, 9.411606
-4.991911, 1.618481, 13.376408
6.461950, -0.177171, 6.392519
-0.976834, 0.502782, 11.051636
2.559402, -0.057461, 8.683769
-2.446875, 1.218649, 13.134590
3.442863, -0.986411, 8.573635
-4.474764, 1.865083, 13.649345
4.994305, -1.039083, 8.391678
-1.371878, 0.718261, 10.754753
-0.955287, 0.205901, 11.470623
2.229002, -0.074220, 9.344570
-0.222661, 0.318429, 11.528084
-2.659958, 0.895432, 11.429920
4.299986, -0.466869, 9.184158
-3.047819, 1.316811, 12.476185
-0.093374, 0.931345, 10.031704
5.051765, -0.708684, 7.627928
-5.118803, 1.915361, 12.856865
2.322375, 0.122104, 8.731655
0.004788, 0.421380, 11.647793
1.455675, 0.387861, 9.380482
-5.353436, 2.152388, 13.213600
7.314287, -0.670377, 6.892908
-4.082113, 1.405396, 12.873623
3.500323, -0.344765, 7.441179
-1.024718, 0.756568, 12.746731
3.375825, -0.928950, 9.085995
-6.909666, 1.915361, 14.721947
6.507441, -1.197101, 7.127539
-4.376600, 1.769315, 13.493721
0.414197, 0.526724, 9.593567
1.211466, 0.584185, 10.359711
2.614469, -0.105345, 10.079590
-7.319075, 2.296040, 13.515270
6.179436, -1.098938, 6.665459
-2.762909, 1.122880, 13.323734
-0.292093, 0.596156, 9.665394
-2.736572, 1.551443, 11.717224
6.904879, -0.960075, 7.194576
-5.157110, 1.867477, 13.776237
1.663970, 0.114922, 8.025364
2.037466, -0.055067, 11.575966
-2.334347, 0.363919, 12.014107
-3.258509, 1.098938, 12.627022
2.913744, 0.009577, 8.846577
1.644817, -0.031125, 10.833763
-5.092466, 1.786075, 12.622231
5.339069, -0.158017, 7.247250
1.369483, 0.404620, 10.122684
-2.015918, 0.981623, 11.863270
-3.383007, 1.304840, 10.982204
7.321470, -1.417367, 7.467516
-8.166622, 2.434903, 15.490486
5.705383, -1.580173, 6.993464
-5.240908, 1.893814, 13.895947
7.489063, -1.472434, 7.443573
-8.834606, 2.908956, 15.251068
6.581661, -0.761356, 6.342241
-1.115698, 1.074996, 11.748348
2.293645, -0.203507, 9.509769
-6.569691, 2.255338, 14.298172
4.608839, -0.962469, 7.065290
1.635240, -0.014365, 11.427525
-3.763685, 1.443704, 11.585545
4.247314, -0.682348, 7.975086
-3.270480, 1.484405, 11.932701
4.716578, -1.031901, 9.500195
-9.208099, 2.949656, 14.389153
10.261551, -1.604115, 5.137957
-5.331888, 2.231396, 13.814545
3.655947, -0.612916, 8.415619
-2.736572, 1.572990, 12.813770
4.220978, -0.670377, 7.165846
-2.094927, 1.070208, 13.316551
-0.706290, 0.399832, 9.303867
4.553772, -0.811635, 8.384495
-4.714184, 1.886631, 12.931084
5.315128, -1.094150, 8.700531
-5.243301, 1.766921, 13.232754
6.083668, -0.727837, 6.763620
-3.057396, 1.877054, 12.899960
0.337582, 0.304064, 9.519348
0.840365, 0.519542, 10.757149
-1.625663, 1.079785, 10.390835
5.307945, -0.885855, 8.336609
-8.734047, 2.327164, 15.636532
10.247185, -2.928109, 4.558559
-7.750032, 2.837130, 16.721107
4.936844, -0.967257, 5.983110
-1.661576, 1.089362, 13.383587
1.115698, 0.093374, 8.032547
5.207390, -0.361524, 8.757992
-7.323864, 2.973598, 14.508865
8.240841, -1.960851, 4.898537
-7.189789, 2.717419, 16.045937
2.667141, -0.749385, 7.505823
1.065420, 0.670377, 11.702858
-6.193800, 2.133234, 12.988544
9.433155, -2.142811, 5.664682
-4.623203, 2.183512, 13.941437
4.946421, -0.663194, 7.151482
-4.481945, 1.656788, 14.374790
0.715866, -0.337582, 8.573635
1.965640, -0.670377, 10.826580
-7.783550, 3.011906, 14.786591
8.913612, -2.209848, 4.517859
-1.417367, 0.751779, 12.248737
0.225055, 0.598551, 8.805874
0.565032, 0.579397, 11.705254
-6.361395, 2.767697, 13.713989
8.997410, -2.571373, 4.680664
-3.440468, 1.740585, 14.379578
-0.490811, 0.392649, 9.023746
2.679111, -0.284910, 10.505756
-7.682995, 3.186683, 13.991714
12.445061, -2.506729, 3.308787
-6.066908, 2.868254, 16.062698
-0.773327, 0.864307, 8.803478
6.359001, -1.824382, 7.912838
-7.429209, 2.671929, 14.956581
8.334217, -2.233790, 4.881777
-5.815516, 2.111686, 15.423450
2.336740, 0.208296, 8.178593
5.652710, -1.228226, 8.070854
-11.185711, 3.955221, 16.943764
10.881649, -2.971205, 3.643975
-2.418144, 0.770933, 13.797787
-7.843405, 2.509124, 13.831303
10.398018, -2.504335, 4.333506
-7.599197, 2.657564, 16.357185
-1.216255, 0.979228, 9.414001
11.161770, -2.566585, 5.746084
-12.818558, 4.170700, 18.303673
5.707777, -1.209072, 5.379772
2.954445, -0.526724, 10.249577
-8.916008, 2.537854, 15.744270
11.202469, -2.748544, 3.256115
-5.753267, 2.659958, 15.689205
-2.430115, 1.675941, 10.247185
10.287884, -2.865860, 5.001488
-13.177689, 4.043806, 18.794487
12.497734, -3.153164, 1.932121
-5.365406, 1.994370, 14.413097
-1.831564, 1.604115, 10.855312
6.359001, -1.312023, 6.876148
-5.834669, 2.214637, 15.097836
3.256115, -0.533907, 8.437168
-1.821988, 0.567426, 11.276691
1.826776, -0.047884, 9.840168
-5.540184, 2.770092, 12.457031
10.273521, -2.190695, 4.742914
-11.556812, 3.981558, 18.301277
10.589554, -2.920926, 3.986346
-6.239290, 2.130839, 14.671669
1.261744, 0.514753, 9.521740
0.414197, 0.818817, 9.550472
1.146822, 0.045490, 10.283096
-0.069432, 0.969652, 11.188107
-1.865083, 0.895432, 11.544842
4.077326, -0.907403, 7.754820
-7.996635, 3.016694, 15.883137
10.012550, -2.614469, 3.928885
-8.046913, 3.344700, 16.093826
3.596091, -0.296881, 8.815453
1.862689, -0.059855, 9.009380
-7.656658, 2.209848, 15.488091
9.114727, -1.692701, 5.145140
-4.738125, 2.229002, 13.567944
-0.533907, 0.555455, 10.766727
4.515465, -0.773327, 8.406044
-6.392519, 2.367866, 14.290993
2.595315, -0.289698, 8.250420
2.875437, 0.083797, 9.306263
-2.018312, 1.017536, 12.018894
-1.211466, 1.110909, 11.188107
2.427721, -0.083797, 9.421185
-1.398214, 0.833182, 12.126633
-4.204218, 1.276110, 12.686874
6.493076, -1.544260, 6.550537
-0.418985, 1.340753, 10.905590
-2.851495, 1.936909, 12.136208
0.452504, 0.155623, 10.812214
4.012682, -1.029507, 8.741230
-5.556942, 1.568202, 13.318947
0.143652, 0.816423, 10.137051
3.043031, 0.177171, 8.987835
3.730166, -0.519542, 7.632715
-3.284845, 1.441309, 13.211205
0.191536, 0.445322, 11.226414
-1.549048, 0.718261, 11.113884
4.616020, -0.952892, 6.488287
-1.656788, 1.007959, 13.144169
0.038307, 0.636858, 10.093956
0.047884, 0.852336, 10.781090
-0.679953, 0.320823, 10.498573
1.510741, -0.426168, 11.310211
-1.927332, 0.761356, 10.204086
3.754108, -0.428562, 9.035717
-3.280057, 1.572990, 12.720394
2.932898, -0.332794, 9.172188
-2.825158, 1.429338, 10.879253
6.538565, -1.216255, 7.864954
-6.354212, 2.516306, 14.377182
6.526594, -2.018312, 6.126762
-4.058172, 1.546654, 13.160927
2.351107, -0.507571, 8.808270
-1.900996, 1.496376, 12.310986
0.423774, 0.416591, 8.856152
2.973598, -0.335188, 10.058041
-7.070078, 2.681506, 14.851234
4.896143, -0.466869, 7.034164
-4.946421, 2.398991, 14.465767
1.980005, -0.241814, 9.825806
-3.215413, 1.223437, 13.417107
5.473145, -1.371878, 7.453150
-6.976704, 2.260126, 15.954964
6.088455, -1.350330, 5.834669
-1.932121, 0.902614, 13.912708
-2.080562, 1.024718, 11.106701
4.050989, -0.617704, 7.795521
-3.260903, 1.623269, 12.512100
4.422091, -0.778116, 7.881712
-4.129997, 1.549048, 13.867218
0.550666, 0.418985, 9.169792
0.699107, 0.332794, 10.948685
-5.604826, 2.018312, 13.991714
3.505112, -1.182736, 8.820240
-3.239355, 1.489193, 13.273457
1.690307, -0.380678, 8.741230
2.406173, 0.143652, 9.756371
-1.762133, 1.261744, 10.879253
6.136339, -0.830788, 6.804321
-1.539472, 1.759738, 11.654976
1.807622, -0.227449, 8.659828
2.664746, -0.011971, 9.931149
-4.182671, 1.414973, 12.710819
4.074932, -0.770933, 8.516174
-5.492298, 2.011129, 14.705189
0.976834, -0.098162, 9.121910
1.707066, -0.205901, 10.311829
-4.352659, 1.613692, 12.835316
6.368578, -1.501164, 6.878542
-3.835511, 2.054225, 13.615826
3.864242, -0.457293, 7.003040
2.489970, 0.071826, 10.225636
-2.767697, 1.355118, 11.654976
3.555389, -0.502782, 7.893684
-2.504335, 1.680730, 13.579914
-2.272098, 0.720655, 10.709267
4.685453, -0.936133, 8.987835
-6.655882, 2.298433, 14.551960
5.348646, -1.367089, 7.285557
-2.370260, 0.938527, 13.122620
0.203507, 0.373495, 9.976639
2.372654, -0.019154, 9.035717
-1.819593, 1.403002, 12.164940
1.108515, 0.114922, 8.858547
3.313576, 0.117316, 9.282322
-2.947263, 1.831564, 11.930309
4.039019, -0.986411, 7.965509
-1.113304, 1.168370, 11.712437
-2.322375, 1.151611, 11.575966
1.939303, -0.045490, 9.847351
-3.076550, 1.077391, 12.880806
2.018312, -0.342371, 8.949528
-0.754174, 0.588974, 11.757927
-1.142034, 0.653617, 11.295845
0.531513, -0.462081, 10.443508
1.154005, 0.366313, 9.789890
-1.637634, 0.890643, 11.985374
4.168304, -1.144428, 7.702148
-3.548207, 1.640028, 12.986153
1.625663, 0.000000, 9.342175
0.763750, 0.763750, 9.993397
2.173935, 0.220267, 9.481041
-1.201890, 1.077391, 11.123463
1.936909, 0.284910, 9.471462
-2.920926, 0.881066, 12.751518
2.971205, -0.146046, 8.372524
-1.182736, 1.268927, 10.800243
1.707066, 0.275333, 9.514557
-2.073379, 0.763750, 12.198460
2.327164, -0.208296, 9.196129
-1.699883, 1.328782, 11.918339
-0.593762, 0.505177, 10.668564
1.359907, -0.088585, 9.907207
-0.146046, 0.469264, 10.522518
0.593762, -0.368707, 11.671734
-2.873042, 0.821211, 11.731590
2.664746, -0.201113, 9.354145
-2.813188, 1.443704, 11.525688
3.478775, -0.756568, 8.726864
-5.288792, 1.091756, 14.664486
2.537854, 0.210690, 8.980652
-1.225832, 0.689530, 11.255142
2.154781, 0.067038, 8.542511
-1.328782, 1.065420, 11.947067
1.740585, -0.143652, 9.856930
-0.471658, 0.474052, 11.518505
-1.151611, 0.476446, 11.058819
1.460463, 0.955287, 9.502586
1.218649, 0.282516, 9.260773
-0.316035, 0.229843, 11.329365
-0.617704, 0.782904, 10.503365
3.548207, -0.335188, 8.947132
-4.127604, 1.549048, 12.562378
3.873818, -0.390255, 8.140285
-1.395820, 1.031901, 10.706871
3.007117, -0.430956, 8.372524
-3.162741, 1.896208, 13.263878
3.576938, -0.866701, 7.970299
-2.803611, 1.017536, 12.631809
2.047043, 0.361524, 8.461109
0.296881, 0.694319, 10.874466
-1.379060, 0.811635, 9.753979
3.435679, -0.026336, 9.236832
-5.102043, 1.802834, 14.379578
5.875372, -1.568202, 6.110003
-4.213795, 2.070985, 13.974957
1.414973, 0.112527, 8.678982
2.425326, 0.093374, 9.454704
-1.982399, 0.909797, 10.544064
3.821146, -0.390255, 9.332600
-6.449980, 2.099715, 14.279018
7.252037, -1.783680, 5.444414
-5.161900, 2.492364, 14.633362
3.222596, -0.438139, 7.536947
-0.385466, 0.770933, 11.092339
0.083797, 0.248997, 10.038887
1.479617, 0.636858, 10.153809
-4.481945, 1.529895, 12.806587
4.400543, -1.249774, 7.958326
-1.838747, 1.364695, 12.342110
-0.011971, 0.325611, 9.533710
1.996765, -0.026336, 9.775524
-0.081403, 0.617704, 9.787498
3.011906, 0.129287, 8.571243
-3.064578, 0.895432, 12.763489
2.954445, -0.682348, 8.159439
0.373495, 0.809240, 11.367672
-2.449268, 0.864307, 11.609486
4.185064, -0.577003, 7.941568
-2.205060, 1.460463, 12.109875
4.240131, -0.620098, 7.460333
-1.115698, 0.962469, 11.903973
-1.173159, 0.737414, 11.044453
4.412514, -0.646435, 8.695740
-5.765238, 1.697489, 14.642941
2.164358, -0.270545, 9.337387
0.495600, 0.280122, 11.319786
-1.637634, 0.804452, 10.603920
3.900155, -0.414197, 8.669403
-2.614469, 0.940921, 12.653358
1.455675, -0.114922, 8.784325
1.424550, 0.148441, 10.869675
-4.441244, 1.647211, 12.897564
5.109226, -1.012747, 7.149086
-4.527435, 1.625663, 14.520836
1.515530, -0.366313, 8.312668
1.953669, 0.476446, 10.070011
-3.512294, 1.716643, 12.138603
4.311958, -0.785298, 7.642292
-2.391808, 1.405396, 12.497734
-0.256180, 0.751779, 10.026917
1.431733, -0.184354, 10.228031
-4.039019, 1.900996, 13.541607
0.811635, 0.323217, 9.801861
0.656011, 0.023942, 10.541672
-1.067814, 1.022324, 11.111492
2.346317, 0.059855, 8.568848
1.285686, 0.153229, 10.199299
-1.201890, 1.288081, 11.384430
4.292805, -0.677559, 7.345411
-1.259350, 0.675165, 12.167336
-0.814029, 0.775721, 10.864887
1.592144, 0.023942, 9.797073
-1.505953, 0.837971, 11.743561
1.201890, 0.203507, 9.765949
0.253785, -0.019154, 10.280704
0.064643, 0.347159, 11.145008
-0.919374, 0.471658, 10.819397
1.161188, 0.040701, 9.825806
-0.129287, 0.895432, 10.477028
2.104504, 0.083797, 9.248802
-1.395820, 1.048660, 11.185711
2.944868, -0.062249, 8.769962
-2.573767, 1.189919, 11.942280
3.897760, -0.162806, 8.269573
-3.107674, 1.321599, 12.643780
1.015141, 0.007183, 9.876083
1.098938, 0.313640, 10.790668
-2.281674, 1.015141, 12.093113
1.575385, 0.136469, 10.093956
1.458069, -0.332794, 9.193733
-0.646435, 0.452504, 11.789051
-1.132457, 0.689530, 10.771515
4.228161, -0.849942, 7.601591
-2.595315, 1.529895, 12.334927
1.850718, 0.256180, 9.143456
0.289698, 0.323217, 9.940727
1.668759, 0.284910, 10.608707
-4.120420, 1.711854, 12.423515
7.431602, -1.335965, 5.667076
-3.837906, 1.951274, 13.486538
1.946486, -0.023942, 9.445126
-0.134075, 0.727837, 10.771515
-0.031125, 0.677559, 10.927135
-0.871490, 0.586579, 11.240776
0.366313, 0.521936, 9.653423
2.159570, 0.083797, 9.789890
-4.726154, 1.458069, 13.400349
3.224990, -0.445322, 8.686165
-1.043872, 0.701501, 11.310211
2.398991, -0.174777, 8.927979
-1.867477, 1.034295, 11.937492
2.442086, -0.351948, 9.124302
-0.639252, 0.706290, 12.303802
-1.379060, 0.670377, 10.795456
4.000711, -0.246603, 8.497021
-2.102109, 1.350330, 11.724407
2.257732, -0.100556, 9.306263
-2.401384, 1.300052, 12.770672
2.679111, -0.390255, 8.257603
-2.351107, 1.010353, 12.691666
0.169988, 0.828394, 10.081985
4.558559, -0.682348, 7.630322
-2.525883, 1.374272, 12.797009
1.740585, 0.083797, 9.500195
-0.272939, 0.708684, 10.539276
0.821211, 0.526724, 9.816227
0.284910, 0.658406, 10.378864
-2.468422, 1.225832, 11.937492
3.320758, -0.476446, 7.682995
-0.785298, 0.816423, 11.987770
-2.061408, 0.931345, 11.207260
4.419697, -0.459687, 8.008606
-3.294422, 1.874660, 12.852077
1.707066, 0.186748, 9.414001
-2.293645, 1.017536, 12.425907
1.120486, 0.414197, 9.552864
1.795651, 0.023942, 9.730038
-3.983953, 1.570596, 13.158535
1.860295, 0.052672, 8.719685
0.493206, 0.237026, 10.888828
-2.554613, 1.343147, 11.848904
2.932898, -0.368707, 8.729259
-2.181118, 1.142034, 12.117054
2.231396, 0.325611, 8.755596
0.122104, 0.414197, 11.018116
-3.991135, 1.383849, 13.326126
3.232173, -0.464475, 8.537724
-2.743755, 0.916979, 12.277466
-1.283292, 1.096544, 10.819397
2.070985, 0.076614, 9.600750
-2.377442, 1.221043, 12.040440
1.601721, 0.304064, 9.758766
0.560243, 0.337582, 10.436325
-3.514688, 1.249774, 13.029247
2.480393, -0.220267, 8.750809
-2.516306, 1.163582, 12.631809
1.259350, 0.378284, 9.033325
0.869095, 0.265756, 10.417171
-1.989582, 0.981623, 11.360489
1.881843, 0.323217, 9.758766
-0.706290, 0.732626, 10.266338
-0.177171, 0.588974, 10.838551
-1.843535, 0.792481, 10.979809
2.865860, -0.313640, 9.392452
-3.457228, 1.867477, 12.148182
3.383007, -0.311246, 8.698135
-2.971205, 1.400608, 12.559982
0.974440, 0.138864, 10.527306
-1.877054, 1.161188, 11.733982
4.067749, -0.696713, 8.056488
-3.117250, 1.352724, 12.624626
3.342306, -0.287304, 8.355762
-1.450886, 1.127669, 11.906364
0.699107, 0.153229, 9.907207
0.397438, 0.308852, 10.587162
-0.840365, 0.677559, 11.726799
1.000776, -0.213084, 10.170570
-2.056620, 1.051054, 11.614273
4.793192, -0.588974, 8.109161
-3.916914, 1.522712, 12.703636
4.764462, -0.960075, 7.996635
-3.045424, 0.828394, 12.689270
2.300828, -0.339977, 9.153034
-0.744597, 0.909797, 11.123463
1.958457, 0.055067, 8.437168
-0.486023, 0.555455, 11.731590
-2.193089, 1.005565, 11.451469
3.632005, -0.471658, 8.774750
-4.343082, 1.561019, 13.364433
3.758897, -0.466869, 7.879318
-3.960010, 1.776498, 12.959816
3.035848, -0.356736, 8.643070
-3.761292, 1.517924, 13.582306
1.927332, -0.098162, 8.441956
3.375825, 0.000000, 8.853760
-3.871425, 1.659182, 12.890385
4.304775, -0.790087, 8.276756
-5.379772, 1.989582, 13.927074
5.604826, -1.266533, 7.338228
-4.845865, 1.908179, 13.867218
5.786785, -0.732626, 6.083668
0.323217, 0.402226, 10.826580
-3.519477, 1.192313, 12.808979
2.798822, -0.636858, 9.176975
-2.379837, 1.273715, 12.421120
2.473210, -0.445322, 8.214508
0.933739, 0.409409, 10.251972
-2.319982, 1.185130, 11.267113
3.550601, -0.885855, 8.853760
-6.399702, 2.181118, 14.872784
4.704607, -0.632069, 7.132328
0.430956, 0.452504, 10.309433
-0.885855, 0.845153, 11.367672
1.132457, 0.409409, 9.828197
-0.924162, 0.699107, 11.798626
-1.261744, 0.344765, 11.276691
3.579332, -0.342371, 9.232040
-4.359842, 1.946486, 12.823345
6.902485, -1.235408, 5.789181
-3.823541, 1.498770, 13.730747
-1.611298, 0.837971, 11.326969
2.530671, -0.244209, 9.346962
-3.105280, 1.027112, 12.564770
2.379837, 0.028730, 8.176201
0.287304, 0.694319, 10.986992
-1.927332, 0.991199, 11.257538
4.467581, -0.660800, 8.018181
-3.284845, 1.312023, 13.153744
-0.035913, 0.332794, 10.716446
1.556231, 0.088585, 9.466675
0.332794, 0.651223, 10.424355
-0.689530, 0.703895, 11.106701
1.089362, 0.349553, 9.880871
-1.814805, 1.000776, 11.099522
2.389414, -0.361524, 9.512165
-5.099649, 1.699883, 14.762650
1.216255, -0.016759, 10.160992
1.206678, 0.282516, 9.320629
2.360683, 0.167594, 9.272743
-2.286463, 1.137246, 11.824963
2.190695, -0.100556, 9.619904
-1.422156, 1.003170, 11.982979
0.438139, 0.454898, 9.253590
1.192313, 0.215478, 10.690113
-4.843470, 1.616086, 13.852852
3.162741, -0.514753, 8.872913
1.484405, 0.332794, 9.653423
0.079009, 0.459687, 11.235989
-1.053449, 0.888249, 10.998962
2.834735, 0.014365, 9.131485
-2.770092, 1.347936, 12.571953
3.186683, -0.450110, 8.578426
-3.969586, 1.716643, 13.603855
-0.263362, 0.148441, 11.243172
1.240197, 0.021548, 10.211269
0.962469, 0.296881, 9.244015
1.958457, -0.237026, 10.070011
-2.549825, 1.453280, 11.743561
5.796362, -0.790087, 7.000647
-5.015852, 1.939303, 14.094666
3.277662, -0.493206, 8.207325
-3.093308, 1.477222, 13.232754
-1.807622, 0.658406, 11.779472
1.972822, -0.095768, 10.079590
-1.003170, 1.000776, 10.706871
4.522648, -0.739808, 7.951145
-4.108450, 1.551443, 13.318947
4.910507, -0.751779, 7.194576
-2.600103, 1.376666, 12.485764
0.047884, 0.761356, 10.275913
0.725443, 0.246603, 10.388443
-2.027889, 0.931345, 12.167336
1.043872, 0.275333, 9.459492
-0.351948, 0.670377, 11.142616
-2.104504, 0.814029, 11.743561
3.502717, -0.227449, 8.568848
-3.615245, 1.458069, 12.662933
3.725378, -0.658406, 8.207325
-1.070208, 0.988805, 11.202469
2.288857, -0.112527, 9.370907
-0.854730, 0.876278, 10.931927
2.044648, 0.155623, 9.653423
-1.802834, 0.926556, 11.425133
1.752556, -0.016759, 9.856930
-2.707842, 1.379060, 11.899185
2.980782, -0.330400, 8.932766
-3.076550, 1.582567, 12.241554
2.786851, -0.359130, 8.848969
-2.327164, 0.895432, 12.229584
1.022324, 0.272939, 10.220848
-2.035071, 0.543484, 12.413937
2.892196, -0.248997, 9.452309
-1.644817, 0.859519, 10.654198
5.556942, -0.936133, 7.513006
-4.319139, 1.668759, 12.947845
4.493917, -0.641646, 8.087612
-2.777274, 1.187524, 12.351688
-1.951274, 0.814029, 11.463440
2.722207, 0.033519, 9.193733
-2.619257, 1.553837, 11.755531
2.576161, 0.031125, 9.490616
-2.717419, 1.367089, 12.057201
3.160346, -0.306458, 8.956707
-3.517082, 1.458069, 12.940662
4.675877, -0.881066, 7.156269
-5.152323, 1.762133, 14.271839
4.053383, -0.718261, 7.654264
-1.805228, 1.113304, 12.234371
0.933739, 0.196325, 9.713276
0.023942, 0.378284, 11.020512
-1.096544, 0.890643, 10.639832
2.698265, -0.452504, 9.509769
-3.634398, 1.422156, 12.612656
3.076550, -0.493206, 9.203312
-0.900220, 0.876278, 11.810596
-0.057461, 0.462081, 9.698910
3.821146, -0.577003, 8.765171
-5.030218, 1.951274, 13.462597
5.221754, -1.216255, 7.568073
-5.540184, 1.740585, 14.298172
5.384560, -0.878672, 6.885725
-2.121263, 0.979228, 12.713211
2.365472, -0.083797, 8.358158
-1.244985, 0.584185, 12.394783
0.119710, 0.560243, 10.855312
1.991976, -0.237026, 8.791508
-1.508347, 0.756568, 12.284649
1.144428, 0.275333, 9.270348
1.357512, 0.174777, 10.228031
-2.616862, 1.192313, 12.327747
4.745308, -0.854730, 7.558495
-4.096479, 1.563414, 13.543999
3.801992, -0.509965, 8.197746
-2.846706, 1.039083, 12.677299
2.054225, -0.098162, 9.643845
-0.993594, 0.663194, 11.061214
2.686295, -0.275333, 9.033325
-1.343147, 1.034295, 11.113884
3.141192, -0.409409, 9.033325
-4.027048, 1.304840, 13.165718
3.830723, -0.608127, 8.125919
-1.745373, 0.785298, 12.205643
-0.260968, 0.442927, 10.441113
2.863465, -0.464475, 9.143456
-0.387861, 0.677559, 10.589554
0.531513, 0.227449, 10.723629
1.309628, 0.055067, 9.780315
-2.233790, 1.149217, 11.643005
2.468422, -0.533907, 8.863335
-1.975216, 1.024718, 12.167336
0.519542, 0.521936, 9.617508
0.737414, 0.093374, 10.189724
-1.369483, 0.739808, 11.654976
-0.184354, 0.356736, 10.673351
-1.276110, 1.079785, 10.469845
3.033454, -0.189142, 9.260773
-5.272032, 1.872266, 13.352463
5.643133, -1.007959, 7.307104
-6.924032, 2.279280, 15.433025
5.882553, -1.158793, 5.657499
-3.320758, 1.517924, 13.381195
0.519542, 0.476446, 10.139446
0.241814, 0.598551, 10.026917
0.938527, 0.442927, 9.876083
-1.728614, 0.766145, 12.361263
-1.244985, 0.660800, 11.657368
3.828329, -0.435745, 8.185776
-3.093308, 1.154005, 13.074738
2.896984, -0.229843, 8.180988
0.610522, 0.588974, 11.281479
-2.908956, 1.084573, 12.088326
5.951986, -1.048660, 7.010223
-6.940792, 2.207454, 14.796169
5.489904, -1.343147, 7.606380
-5.202600, 1.862689, 13.601460
5.245697, -0.914585, 6.387732
-2.671929, 1.175553, 12.777855
-0.146046, 0.287304, 10.515335
1.606510, 0.146046, 9.296684
-2.238579, 0.960075, 12.342110
1.675941, 0.028730, 8.712502
-0.727837, 0.634464, 12.004528
-2.552219, 0.732626, 11.932701
5.451597, -0.725443, 7.639898
-3.665524, 1.800440, 13.002911
5.080496, -1.055843, 7.352594
-2.961628, 1.367089, 12.691666
0.775721, 0.098162, 10.036495
1.889025, 0.040701, 9.454704
-2.396596, 1.072602, 12.265495
1.817199, -0.177171, 9.332600
-1.010353, 0.727837, 11.489777
0.088585, 0.495600, 10.053253
2.284068, -0.313640, 9.129093
-1.953669, 0.995988, 11.473015
3.588909, -0.227449, 8.449139
-2.489970, 0.864307, 12.524071
3.785233, -0.459687, 7.999029
-4.905720, 1.771709, 14.037205
6.308722, -0.926556, 6.373365
-4.565742, 1.795651, 13.996506
1.798046, -0.330400, 8.863335
0.701501, 0.301669, 10.869675
-2.899379, 1.328782, 11.583149
6.040571, -1.405396, 6.797140
-5.125986, 1.980005, 13.680470
5.959169, -1.187524, 6.801928
-4.599262, 1.707066, 14.032417
4.436457, -0.610522, 7.378931
-4.486734, 1.592144, 13.795391
4.678270, -0.651223, 7.256826
-3.150769, 1.290475, 13.113045
0.423774, 0.332794, 9.799469
3.002329, -0.351948, 9.481041
-4.525042, 1.606510, 12.813770
5.628769, -1.467646, 7.345411
-3.493140, 1.395820, 13.120228
1.671153, 0.088585, 9.469067
2.085350, 0.122104, 9.373299
-1.386243, 0.881066, 10.812214
