0.328006, -0.888249, 10.493786
1.156399, 0.586579, 11.513718
-0.155623, -1.010353, 9.866505
0.464475, 1.335965, 10.682930
0.399832, -1.051054, 10.110714
-0.167594, -0.031125, 10.134655
0.916979, 0.426168, 10.965443
-0.294487, -0.656011, 10.074802
0.792481, 0.667982, 10.922348
0.325611, -1.098938, 10.132263
-0.294487, 0.158017, 10.146626
0.969652, 0.447716, 11.233597
-0.198719, -0.811635, 10.251972
0.744597, 0.754174, 11.310211
-0.277727, -1.043872, 9.847351
0.215478, 0.624887, 10.223244
1.098938, 0.100556, 11.018116
-0.526724, -0.840365, 10.022129
0.790087, 0.598551, 11.446678
-0.246603, -1.137246, 9.686939
0.160412, 0.363919, 10.500969
0.816423, 0.344765, 11.070789
-0.481235, -0.780510, 10.232819
0.974440, 0.189142, 11.513718
-0.615310, -1.321599, 10.244789
0.162806, 0.615310, 10.532093
0.869095, 0.148441, 10.881649
-0.407014, -1.046266, 10.431538
0.684742, 0.232238, 12.136208
-0.569820, -1.271321, 9.950302
0.282516, 0.742203, 10.625469
0.881066, -0.095768, 11.006145
-0.672771, -0.806846, 10.280704
0.909797, 0.148441, 11.659763
-0.696713, -1.367089, 10.034100
0.402226, 0.869095, 10.845734
0.555455, -0.220267, 10.740391
-0.404620, -0.538695, 10.014946
0.919374, -0.191536, 11.865665
-0.703895, -1.620875, 10.462662
0.708684, 1.110909, 10.828976
0.395043, -0.213084, 10.601524
-0.344765, -0.557849, 10.050858
0.723049, -0.213084, 11.657368
-0.555455, -1.060631, 10.345345
0.723049, 1.041478, 11.032482
0.213084, -0.684742, 10.635044
-0.136469, -0.648829, 10.141838
0.833182, 0.112527, 11.243172
-0.679953, -1.233014, 10.261551
0.763750, 1.228226, 11.353306
0.181959, -0.931345, 10.465057
-0.215478, -0.114922, 10.144234
0.701501, -0.366313, 11.293449
-0.418985, -1.070208, 10.690113
1.189919, 1.007959, 11.097126
-0.229843, -1.302446, 10.220848
-0.004788, -0.009577, 10.357319
0.727837, -0.368707, 11.171345
-0.445322, -0.641646, 10.127472
1.041478, 1.113304, 11.300632
-0.404620, -1.429338, 10.254368
0.416591, 0.169988, 10.577583
0.517148, -0.277727, 10.563217
-0.371101, -0.598551, 10.316616
1.189919, 0.842759, 11.856087
-0.347159, -1.628057, 9.849747
0.426168, 0.553061, 10.757149
0.359130, -0.517148, 10.462662
0.079009, -0.260968, 10.165779
1.189919, 0.711078, 11.583149
-0.742203, -1.326388, 10.292675
0.490811, 0.505177, 11.082760
0.529119, -0.517148, 10.584766
0.150835, 0.169988, 9.610325
1.067814, 0.509965, 11.693283
-0.555455, -1.659182, 10.036495
0.737414, 0.790087, 11.168953
0.356736, -0.806846, 10.110714
-0.026336, 0.397438, 9.873688
1.321599, 0.356736, 11.592724
-0.744597, -1.400608, 10.120293
0.584185, 0.912191, 11.420341
0.287304, -0.699107, 10.237606
0.486023, 0.656011, 9.691730
1.211466, -0.076614, 11.231201
-0.914585, -1.216255, 9.746796
1.046266, 0.713472, 11.164162
0.311246, -0.715866, 9.897629
0.359130, 0.871490, 9.706093
0.876278, 0.208296, 11.482594
-0.605733, -1.206678, 10.055649
0.964863, 0.641646, 11.690887
0.009577, -0.667982, 9.983822
0.591368, 1.103727, 10.031704
0.826000, -0.378284, 10.718842
-0.574608, -0.969652, 10.259155
0.746991, 0.905008, 11.319786
0.143652, -0.656011, 10.065224
0.684742, 1.233014, 9.991005
0.483629, -0.526724, 10.642227
-0.375890, -0.900220, 9.926361
0.962469, 0.826000, 11.283875
0.033519, -1.094150, 10.024525
0.366313, 1.321599, 10.311829
0.493206, -0.723049, 10.417171
-0.296881, -0.442927, 9.904812
0.948104, 0.725443, 11.597515
-0.031125, -0.632069, 10.256760
0.524330, -0.459687, 10.295067
1.197101, 0.818817, 11.176136
-0.272939, -0.591368, 9.873688
0.950498, 0.572214, 11.027695
-0.062249, -1.213861, 9.849747
0.019154, 0.055067, 9.995792
1.055843, 0.718261, 10.982204
-0.416591, -0.890643, 9.938332
0.981623, 0.622493, 11.607090
-0.416591, -1.134851, 9.725246
0.122104, 0.222661, 10.323799
0.792481, 0.610522, 10.970234
-0.344765, -0.684742, 9.840168
1.043872, 0.328006, 11.353306
-0.402226, -1.161188, 9.739613
-0.055067, 0.138864, 10.565613
1.079785, 0.603339, 11.032482
-0.694319, -0.842759, 9.979034
0.905008, 0.349553, 11.549629
-0.354342, -1.266533, 9.907207
-0.646435, -0.952892, 10.199299
1.012747, 0.158017, 11.923126
-0.579397, -1.120486, 9.720459
0.220267, 0.742203, 10.692505
0.780510, -0.069432, 11.156982
-0.474052, -0.794875, 10.115501
0.859519, 0.184354, 11.678917
-0.735020, -1.436521, 10.026917
0.502782, 0.799664, 11.046848
0.648829, -0.337582, 10.493786
-0.569820, -0.557849, 10.319012
0.835577, -0.210690, 11.769897
-0.603339, -1.352724, 10.424355
0.845153, 0.921768, 10.805035
0.150835, -0.529119, 10.548855
-0.177171, -0.648829, 10.146626
0.998382, 0.000000, 11.499352
-0.600945, -0.969652, 10.110714
0.632069, 0.924162, 11.300632
0.241814, -0.763750, 10.479420
0.002394, -0.383072, 10.467449
0.667982, -0.122104, 11.353306
-0.500388, -1.125275, 10.156204
1.055843, 1.019930, 11.235989
0.196325, -0.811635, 10.249577
-0.311246, -0.102951, 10.115501
0.909797, 0.045490, 11.226414
-0.299275, -0.799664, 10.295067
1.125275, 0.790087, 11.226414
-0.239420, -0.964863, 10.134655
0.213084, -0.172383, 10.405201
0.742203, -0.304064, 11.391613
-0.373495, -0.794875, 10.172962
1.177948, 1.072602, 11.216835
-0.102951, -1.254562, 10.134655
0.136469, 0.131681, 10.524910
0.581791, -0.383072, 10.898407
-0.098162, -0.332794, 10.196907
1.242591, 0.608127, 11.592724
-0.378284, -1.177948, 10.436325
0.081403, 0.275333, 10.759544
0.509965, -0.172383, 10.754753
0.033519, -0.153229, 10.084377
1.041478, 0.577003, 11.477802
-0.208296, -1.165976, 10.050858
0.433351, 0.529119, 10.565613
0.567426, -0.785298, 10.623074
0.052672, 0.086191, 9.821014
1.142034, 0.509965, 11.523293
-0.502782, -1.256956, 9.763554
0.375890, 0.488417, 11.032482
0.608127, -0.603339, 10.242397
0.019154, 0.814029, 9.452309
1.319205, 0.045490, 11.525688
-0.691924, -1.027112, 10.208878
0.735020, 0.600945, 10.754753
0.440533, -0.476446, 10.072407
0.299275, 0.703895, 9.809044
1.055843, -0.153229, 11.379642
-0.560243, -0.758962, 9.746796
0.797269, 0.550666, 10.807426
0.169988, -0.720655, 10.050858
0.581791, 1.134851, 9.792286
0.792481, -0.215478, 11.020512
-0.541090, -0.667982, 10.101139
0.706290, 0.502782, 11.666946
0.158017, -0.699107, 9.976639
0.505177, 1.074996, 10.141838
0.646435, -0.679953, 10.548855
-0.323217, -0.577003, 10.477028
0.864307, 0.768539, 11.123463
-0.234632, -0.873884, 9.768345
0.555455, 1.230620, 10.398018
0.454898, -0.720655, 10.910378
-0.320823, -0.351948, 9.895237
0.864307, 0.505177, 11.030087
-0.217872, -0.952892, 10.266338
0.682348, 0.972046, 10.680534
0.260968, -0.864307, 10.132263
-0.371101, -0.076614, 10.345345
1.000776, 0.533907, 11.592724
-0.208296, -0.646435, 9.952698
0.672771, 0.885855, 10.670959
0.074220, -0.905008, 10.297462
-0.138864, -0.076614, 10.596737
1.096544, 0.418985, 10.776302
-0.514753, -0.809240, 9.873688
0.756568, 0.787692, 11.054031
0.052672, -1.022324, 9.876083
0.040701, 0.344765, 10.153809
0.811635, 0.392649, 11.130646
-0.347159, -0.931345, 10.208878
1.077391, 0.691924, 11.288662
-0.471658, -1.046266, 9.490616
0.031125, 0.447716, 10.587162
0.928950, -0.014365, 11.077972
-0.263362, -0.948104, 10.113110
0.739808, 0.553061, 11.360489
-0.474052, -1.082179, 9.564835
0.497994, 0.608127, 10.884041
0.861913, -0.215478, 11.066002
-0.799664, -0.864307, 10.333374
0.945710, 0.354342, 11.920731
-0.675165, -1.142034, 10.014946
0.253785, 0.555455, 10.486603
0.550666, -0.148441, 10.929531
-0.404620, -0.806846, 10.433933
0.967257, 0.002394, 11.848904
-0.833182, -1.163582, 10.055649
0.462081, 0.725443, 10.752361
0.615310, -0.366313, 10.924744
-0.347159, -0.823606, 10.532093
0.739808, 0.105345, 11.848904
-0.720655, -1.273715, 9.981426
0.828394, 0.727837, 10.886436
0.366313, -0.469264, 10.448296
-0.347159, -0.543484, 10.534489
0.957681, -0.038307, 11.657368
-0.600945, -1.383849, 10.371681
0.883461, 0.967257, 11.015724
-0.023942, -0.612916, 10.474632
0.174777, -0.383072, 10.388443
0.864307, -0.122104, 11.736378
-0.591368, -1.225832, 10.153809
1.098938, 1.151611, 10.884041
0.162806, -1.034295, 10.220848
0.000000, -0.469264, 10.469845
0.775721, -0.067038, 11.212048
-0.481235, -0.766145, 10.407597
1.156399, 0.888249, 11.262325
-0.217872, -1.086967, 10.000580
0.248997, 0.198719, 10.460266
0.718261, -0.181959, 11.154587
-0.428562, -1.039083, 10.603920
1.170764, 1.027112, 11.317390
-0.390255, -1.051054, 9.916782
0.418985, -0.134075, 10.649410
0.438139, -0.270545, 11.394005
-0.107739, -0.818817, 10.503365
1.230620, 1.225832, 11.343727
-0.481235, -1.391031, 9.816227
0.332794, 0.272939, 10.912773
0.574608, -0.179565, 10.783485
-0.143652, -0.481235, 10.280704
1.144428, 0.574608, 11.712437
-0.447716, -1.280898, 9.950302
0.624887, 0.670377, 10.876858
0.280122, -0.557849, 10.556034
-0.093374, -0.328006, 10.582371
1.323994, 0.821211, 11.841721
-0.723049, -1.209072, 9.744400
0.555455, 0.713472, 10.936714
0.304064, -0.660800, 10.488998
0.275333, 0.205901, 10.086773
1.206678, 0.347159, 11.413158
-0.766145, -1.051054, 9.943119
0.790087, 0.447716, 11.226414
0.390255, -0.521936, 9.911995
0.253785, 0.450110, 9.734825
1.103727, 0.090980, 11.599907
-0.545878, -0.967257, 9.813835
0.924162, 0.715866, 10.891224
-0.052672, -0.639252, 10.043678
0.342371, 0.335188, 10.426750
1.223437, 0.102951, 11.355698
-0.790087, -0.857124, 9.837776
0.768539, 0.715866, 11.192894
0.155623, -0.742203, 9.837776
0.634464, 0.938527, 9.744400
0.787692, -0.150835, 11.118675
-0.802058, -0.653617, 10.261551
1.072602, 0.603339, 11.334152
-0.155623, -0.780510, 9.306263
0.531513, 0.981623, 10.158600
0.816423, -0.445322, 11.075577
-0.533907, -0.792481, 9.955090
1.067814, 0.672771, 11.104309
-0.337582, -0.644040, 9.880871
0.670377, 1.074996, 10.213665
0.577003, -0.533907, 10.649410
-0.636858, -0.481235, 9.971851
0.924162, 0.639252, 11.465832
-0.110133, -0.732626, 9.797073
0.636858, 0.861913, 10.505756
0.167594, -0.675165, 10.208878
-0.373495, -0.361524, 10.144234
1.180342, 0.397438, 11.511322
-0.418985, -0.756568, 9.835381
0.438139, 1.165976, 10.814610
0.239420, -1.134851, 10.347740
-0.339977, -0.086191, 10.266338
1.108515, 0.349553, 11.329365
-0.442927, -0.593762, 9.983822
0.878672, 0.509965, 11.054031
-0.038307, -1.115698, 9.866505
-0.399832, 0.155623, 10.163387
1.156399, 0.371101, 11.281479
-0.495600, -0.524330, 10.029312
0.972046, 0.366313, 11.204865
-0.399832, -0.670377, 9.859322
0.093374, 0.162806, 10.062832
1.218649, 0.282516, 11.188107
-0.615310, -0.785298, 9.806652
0.950498, 0.313640, 11.398796
-0.246603, -0.950498, 9.457096
0.138864, 0.179565, 10.431538
0.995988, 0.208296, 11.070789
-0.598551, -0.409409, 9.957485
0.984017, 0.148441, 11.329365
-0.579397, -1.043872, 9.842564
0.292093, 0.519542, 10.213665
0.979228, 0.179565, 10.711658
-0.416591, -0.780510, 10.103531
0.806846, 0.076614, 11.731590
-0.474052, -0.995988, 9.670181
0.416591, 0.694319, 10.702084
0.706290, -0.344765, 10.960655
-0.402226, -0.466869, 10.500969
0.881066, 0.083797, 11.563995
-0.584185, -1.122880, 10.012550
0.409409, 0.442927, 10.797852
0.694319, -0.332794, 10.599133
-0.418985, -0.411803, 9.940727
1.098938, -0.205901, 11.489777
-0.711078, -1.122880, 10.579979
0.845153, 0.706290, 10.749966
0.359130, -0.260968, 10.556034
-0.284910, -0.569820, 10.156204
0.890643, -0.158017, 11.903973
-0.481235, -1.065420, 10.053253
0.931345, 0.976834, 10.795456
0.138864, -0.723049, 10.414780
-0.023942, -0.234632, 10.400414
1.113304, -0.105345, 10.989388
-0.703895, -0.849942, 10.350136
0.993594, 0.821211, 11.523293
0.131681, -0.802058, 10.352528
0.028730, -0.035913, 10.216061
0.670377, -0.289698, 11.137829
-0.347159, -0.924162, 10.560825
1.118092, 1.096544, 10.828976
-0.055067, -0.814029, 10.072407
0.033519, -0.237026, 10.350136
0.756568, -0.280122, 11.513718
-0.227449, -0.483629, 10.383652
1.010353, 0.890643, 11.233597
-0.251391, -0.931345, 10.297462
0.136469, 0.050278, 10.421959
0.598551, -0.229843, 10.975021
-0.548272, -0.529119, 10.721237
1.343147, 0.663194, 11.489777
-0.356736, -1.137246, 10.280704
0.196325, 0.294487, 10.455479
0.603339, -0.442927, 10.642227
-0.098162, -0.299275, 10.429142
1.300052, 0.806846, 11.786655
-1.007959, -1.338359, 10.307037
0.371101, 0.287304, 10.864887
0.517148, -0.502782, 10.666168
-0.031125, 0.179565, 9.866505
1.113304, 0.555455, 11.535263
-0.366313, -1.256956, 10.005371
0.663194, 0.289698, 11.161770
0.189142, -0.531513, 10.055649
-0.107739, 0.505177, 9.825806
1.357512, 0.366313, 11.434708
-0.818817, -1.252168, 10.024525
0.519542, 0.567426, 11.070789
0.359130, -0.466869, 10.326191
0.234632, 0.677559, 9.737217
1.194707, -0.028730, 11.578362
-0.993594, -0.809240, 9.935936
0.914585, 0.505177, 11.020512
0.361524, -0.526724, 9.904812
0.251391, 0.859519, 9.897629
0.790087, 0.069432, 11.171345
-0.569820, -0.782904, 9.753979
0.847548, 0.423774, 11.255142
0.014365, -0.457293, 9.880871
0.407014, 1.173159, 9.715672
0.883461, -0.366313, 10.821793
-0.620098, -0.945710, 10.177753
0.780510, 0.660800, 11.168953
0.043096, -0.445322, 9.818623
0.481235, 0.802058, 10.086773
0.562637, -0.529119, 10.718842
-0.579397, -0.452504, 9.904812
0.900220, 0.622493, 11.346123
-0.138864, -0.890643, 9.957485
0.481235, 0.861913, 10.299858
0.395043, -0.423774, 10.297462
-0.208296, -0.457293, 9.447521
0.888249, 0.629675, 11.238384
-0.105345, -0.620098, 9.971851
0.438139, 0.998382, 10.754753
0.371101, -0.998382, 10.053253
-0.488417, -0.260968, 10.486603
1.189919, 0.732626, 10.900803
-0.316035, -0.471658, 9.923965
0.711078, 0.526724, 10.608707
0.035913, -0.893037, 10.194511
-0.110133, 0.098162, 10.019733
0.981623, 0.636858, 10.896011
-0.260968, -0.919374, 10.515335
0.864307, 0.478840, 11.243172
-0.062249, -0.888249, 9.658211
-0.016759, 0.172383, 10.024525
1.115698, 0.474052, 11.190498
-0.320823, -0.919374, 9.674969
1.015141, 0.447716, 10.879253
-0.203507, -1.211466, 9.260773
0.062249, 0.268151, 10.448296
1.213861, 0.347159, 10.606316
-0.598551, -0.701501, 9.871296
0.957681, 0.191536, 11.705254
-0.397438, -1.173159, 9.785103
0.395043, 0.524330, 10.230423
0.924162, 0.323217, 10.747574
-0.553061, -1.089362, 10.180145
1.173159, -0.007183, 11.980587
-0.519542, -1.165976, 9.914391
0.117316, 0.703895, 10.781090
0.921768, -0.026336, 11.123463
-0.438139, -0.574608, 10.218452
0.979228, -0.031125, 11.470623
-0.732626, -1.063025, 10.132263
0.615310, 0.478840, 10.651806
0.842759, 0.155623, 10.840946
-0.634464, -0.864307, 9.749191
1.027112, 0.000000, 11.975800
-0.493206, -1.192313, 10.477028
0.627281, 0.873884, 10.783485
0.452504, -0.088585, 10.718842
-0.390255, -0.584185, 10.342953
1.182736, -0.177171, 11.777081
-0.761356, -0.876278, 10.206482
0.816423, 0.919374, 10.793060
0.373495, -0.617704, 10.534489
-0.014365, -0.469264, 10.326191
0.833182, -0.021548, 11.611877
-0.648829, -0.773327, 10.402805
0.981623, 0.761356, 11.156982
0.280122, -0.842759, 10.517727
-0.344765, -0.387861, 9.974243
1.048660, -0.071826, 11.283875
-0.466869, -0.732626, 10.180145
1.134851, 0.804452, 11.113884
-0.256180, -0.823606, 10.261551
0.014365, -0.122104, 10.388443
1.070208, -0.320823, 11.602303
-0.679953, -0.507571, 10.266338
1.163582, 0.691924, 11.216835
-0.366313, -0.890643, 10.242397
0.181959, -0.100556, 10.668564
0.557849, -0.021548, 10.929531
-0.253785, -0.339977, 9.823410
1.429338, 0.591368, 11.501747
-0.581791, -1.180342, 10.043678
0.208296, 0.234632, 10.481815
0.624887, -0.040701, 10.828976
-0.294487, -0.201113, 10.278309
1.158793, 0.490811, 11.511322
-0.656011, -0.823606, 10.048466
0.462081, 0.330400, 10.601524
0.371101, -0.409409, 10.881649
-0.079009, 0.031125, 10.053253
1.261744, 0.390255, 11.470623
-0.679953, -1.240197, 10.144234
0.421380, 0.347159, 11.063606
0.392649, -0.318429, 10.342953
-0.191536, 0.426168, 9.615116
1.256956, 0.134075, 11.441891
-0.802058, -0.948104, 10.096348
0.569820, 0.644040, 10.505756
0.347159, -0.483629, 9.892841
0.083797, 0.569820, 9.751583
1.134851, -0.153229, 11.619061
-0.696713, -0.723049, 9.696518
0.694319, 0.586579, 10.599133
-0.023942, -0.550666, 10.070011
0.270545, 0.859519, 9.947910
1.058237, -0.083797, 11.068394
-0.821211, -0.924162, 10.187328
0.653617, 0.414197, 11.279083
0.263362, 0.014365, 8.944736
-0.995988, -1.989582, 9.768345
0.699107, -0.411803, 7.817070
1.508347, 4.352659, 7.759609
0.883461, -1.261744, 10.915165
-0.816423, -2.592920, 13.201630
1.041478, -0.160412, 13.134590
-0.059855, 1.527501, 11.626244
-0.418985, -1.331176, 10.589554
0.105345, 1.546654, 9.938332
0.253785, -1.091756, 8.942345
-0.339977, 1.316811, 10.783485
1.527501, -1.558625, 10.093956
-0.888249, 1.788469, 10.570400
1.678336, -1.407791, 10.639832
-0.071826, 1.110909, 9.500195
1.046266, 0.366313, 10.175358
-0.354342, -1.434127, 10.721237
0.208296, -0.251391, 10.151417
0.773327, 0.699107, 10.872070
0.181959, -0.639252, 9.730038
0.553061, 0.459687, 10.350136
0.227449, -1.175553, 10.400414
-0.129287, -1.067814, 10.058041
0.184354, 0.497994, 10.122684
0.696713, 0.081403, 11.235989
0.117316, -0.545878, 10.467449
0.586579, 0.284910, 11.456257
-0.167594, -0.914585, 9.785103
0.816423, 1.041478, 10.170570
0.407014, -0.069432, 10.805035
-0.158017, -0.933739, 10.316616
0.667982, 0.380678, 12.040440
-0.328006, -1.233014, 10.311829
0.598551, 0.821211, 10.235214
0.407014, -0.193930, 10.831367
0.158017, -0.768539, 10.477028
0.557849, -0.023942, 11.710041
-0.136469, -1.237803, 10.201694
0.792481, 0.739808, 10.479420
0.222661, -0.296881, 10.735600
0.098162, -1.077391, 9.746796
0.529119, 0.234632, 11.805809
-0.079009, -1.118092, 10.714054
0.735020, 0.653617, 10.881649
0.155623, -0.395043, 10.630257
0.086191, -0.816423, 10.235214
0.387861, 0.339977, 11.805809
0.067038, -1.235408, 10.386047
0.653617, 0.833182, 11.001358
0.086191, -0.658406, 10.805035
0.146046, -0.543484, 10.055649
0.440533, 0.289698, 11.494564
-0.076614, -1.089362, 10.548855
0.763750, 0.869095, 11.334152
-0.114922, -0.818817, 10.534489
0.007183, -0.557849, 10.046070
0.294487, 0.366313, 11.523293
0.002394, -0.837971, 10.280704
0.905008, 0.744597, 11.092339
-0.335188, -0.821211, 10.426750
0.057461, -0.282516, 10.160992
0.442927, 0.306458, 11.319786
0.011971, -0.797269, 10.086773
0.682348, 0.553061, 11.441891
-0.155623, -0.842759, 10.426750
0.150835, -0.287304, 10.160992
0.308852, 0.193930, 11.106701
0.057461, -0.536301, 10.321404
0.849942, 0.569820, 11.262325
-0.282516, -1.031901, 10.319012
0.129287, 0.009577, 10.412384
0.392649, 0.143652, 10.857704
0.294487, -0.347159, 9.552864
0.756568, 0.311246, 11.540054
-0.311246, -0.972046, 10.455479
0.277727, 0.246603, 10.409988
0.294487, 0.141258, 10.309433
0.155623, -0.349553, 9.327808
0.888249, 0.567426, 11.587936
-0.359130, -1.185130, 9.727642
0.421380, 0.344765, 10.520123
0.191536, 0.026336, 10.517727
0.447716, -0.045490, 8.865730
0.720655, 0.466869, 11.303028
-0.430956, -1.252168, 9.811440
0.459687, 0.426168, 10.773907
0.426168, 0.201113, 10.340557
0.354342, 0.158017, 9.064449
0.627281, 0.148441, 11.168953
-0.177171, -0.921768, 9.751583
0.447716, 0.481235, 10.773907
0.203507, -0.040701, 10.431538
0.287304, 0.232238, 9.251194
0.639252, 0.148441, 10.989388
-0.117316, -1.039083, 9.351753
0.445322, 0.624887, 10.663776
0.356736, -0.035913, 10.141838
0.337582, 0.280122, 9.493011
0.347159, 0.105345, 10.714054
-0.004788, -0.957681, 9.569626
0.622493, 0.749385, 11.025299
0.280122, -0.402226, 10.081985
0.318429, 0.217872, 9.540894
0.301669, 0.021548, 10.761936
0.081403, -0.766145, 9.267956
0.639252, 0.715866, 11.010933
0.028730, -0.328006, 10.292675
0.533907, 0.086191, 9.952698
0.375890, -0.033519, 10.311829
0.067038, -0.780510, 9.157822
0.746991, 0.775721, 11.039665
0.213084, -0.442927, 10.098743
0.478840, 0.086191, 10.189724
0.225055, -0.208296, 10.053253
0.213084, -0.418985, 9.200916
0.845153, 0.950498, 10.666168
0.035913, -0.718261, 10.299858
0.457293, 0.076614, 10.742783
0.160412, -0.184354, 10.189724
0.385466, -0.284910, 9.423580
0.670377, 0.854730, 10.903194
0.100556, -0.830788, 10.453087
0.459687, 0.158017, 11.111492
0.148441, -0.474052, 10.261551
0.158017, -0.112527, 9.466675
0.897826, 0.701501, 10.977417
0.107739, -0.835577, 10.048466
0.447716, 0.129287, 11.293449
-0.043096, -0.440533, 10.400414
0.296881, -0.016759, 9.811440
0.847548, 0.725443, 10.860100
-0.201113, -1.120486, 9.852142
0.593762, 0.229843, 11.947067
-0.095768, -0.622493, 10.534489
0.313640, 0.119710, 9.682152
0.658406, 0.433351, 11.149799
-0.014365, -1.017536, 10.244789
0.409409, 0.304064, 11.681313
-0.179565, -0.998382, 10.814610
0.275333, 0.277727, 10.048466
0.811635, 0.483629, 10.855312
-0.014365, -0.945710, 9.548077
0.430956, 0.114922, 11.456257
-0.081403, -0.761356, 10.970234
0.605733, 0.383072, 10.180145
0.560243, 0.234632, 10.730812
-0.055067, -1.113304, 9.569626
0.519542, 0.304064, 11.798626
-0.040701, -0.986411, 10.740391
0.363919, 0.435745, 10.386047
0.497994, -0.055067, 10.941502
0.002394, -0.766145, 9.521740
0.452504, 0.162806, 11.563995
-0.148441, -0.933739, 10.761936
0.732626, 0.541090, 10.599133
0.399832, -0.239420, 10.910378
-0.129287, -0.967257, 9.423580
0.423774, 0.387861, 11.590332
-0.076614, -0.938527, 10.742783
0.744597, 0.634464, 10.663776
-0.134075, -0.502782, 10.716446
0.117316, -0.794875, 9.969456
0.292093, 0.268151, 11.365276
0.062249, -0.782904, 10.589554
0.778116, 0.471658, 11.063606
-0.067038, -0.651223, 10.651806
0.105345, -0.359130, 9.883266
0.270545, 0.210690, 11.484985
-0.043096, -0.648829, 10.644623
0.830788, 0.481235, 11.145008
-0.136469, -0.857124, 10.666168
0.028730, -0.416591, 9.797073
0.399832, 0.495600, 11.133038
0.181959, -0.430956, 9.852142
0.651223, 0.447716, 11.494564
-0.191536, -0.835577, 10.706871
0.090980, -0.141258, 9.928757
0.421380, 0.344765, 10.790668
-0.038307, -0.545878, 9.732430
0.840365, 0.418985, 11.820175
-0.256180, -0.845153, 10.311829
0.162806, -0.011971, 10.400414
0.330400, 0.153229, 10.627861
0.292093, -0.100556, 9.483433
0.785298, 0.330400, 11.566391
-0.354342, -1.211466, 10.259155
0.253785, 0.086191, 10.280704
0.430956, 0.253785, 10.445904
0.330400, 0.011971, 9.040504
0.533907, 0.122104, 11.358093
-0.052672, -0.912191, 10.141838
0.244209, 0.320823, 10.254368
0.361524, 0.100556, 10.316616
0.265756, -0.031125, 9.038113
0.629675, 0.102951, 11.422737
-0.124499, -0.890643, 9.828197
0.244209, 0.392649, 10.326191
0.445322, 0.234632, 10.481815
0.399832, 0.114922, 9.081207
0.454898, 0.246603, 11.142616
-0.059855, -1.197101, 9.880871
0.481235, 0.715866, 10.678139
0.418985, -0.043096, 10.115501
0.306458, 0.351948, 9.136272
0.397438, 0.086191, 10.745178
0.016759, -0.837971, 9.622295
0.610522, 0.799664, 10.651806
0.198719, -0.234632, 10.244789
0.572214, 0.337582, 9.689335
0.301669, -0.129287, 10.414780
0.105345, -0.826000, 9.624691
0.699107, 0.763750, 10.819397
0.339977, -0.270545, 10.443508
0.476446, 0.237026, 10.153809
0.155623, -0.411803, 10.271126
0.203507, -0.531513, 9.469067
0.905008, 0.912191, 10.584766
0.184354, -0.617704, 10.402805
0.423774, 0.122104, 10.441113
0.105345, -0.347159, 10.149021
0.325611, -0.421380, 9.327808
0.782904, 1.007959, 10.814610
0.129287, -0.672771, 10.149021
0.648829, 0.045490, 10.716446
-0.038307, -0.569820, 10.108318
0.174777, -0.414197, 9.617508
0.876278, 1.007959, 11.061214
0.019154, -0.897826, 9.871296
0.555455, 0.311246, 11.480198
-0.177171, -0.691924, 10.522518
0.258574, -0.052672, 9.749191
1.027112, 0.921768, 10.867283
-0.205901, -1.027112, 9.785103
0.701501, 0.062249, 11.422737
-0.114922, -0.529119, 10.362106
0.217872, 0.067038, 9.667786
0.677559, 0.857124, 11.142616
-0.059855, -1.096544, 10.043678
0.474052, 0.356736, 11.128250
-0.179565, -0.785298, 10.733208
0.213084, 0.169988, 10.019733
0.677559, 0.399832, 10.991779
0.102951, -1.034295, 10.053253
0.241814, 0.268151, 11.647793
-0.146046, -0.723049, 10.998962
0.476446, 0.158017, 10.146626
0.541090, 0.337582, 10.931927
-0.009577, -1.383849, 9.464279
0.519542, 0.435745, 11.971008
-0.165200, -0.897826, 10.996571
0.359130, 0.349553, 10.455479
0.363919, -0.016759, 10.711658
0.131681, -0.837971, 9.775524
0.414197, 0.253785, 11.575966
-0.423774, -1.185130, 10.958263
0.658406, 0.476446, 10.730812
0.342371, -0.129287, 10.989388
0.083797, -0.905008, 9.375694
0.416591, 0.409409, 11.243172
-0.215478, -0.711078, 11.025299
0.766145, 0.385466, 11.109097
-0.021548, -0.289698, 10.726025
0.086191, -1.015141, 10.024525
0.378284, 0.577003, 11.425133
-0.136469, -1.063025, 10.529701
0.615310, 0.538695, 11.226414
0.028730, -0.416591, 10.759544
0.038307, -0.469264, 9.744400
0.344765, 0.430956, 11.377247
-0.215478, -0.914585, 10.472240
0.787692, 0.359130, 11.360489
-0.079009, -0.600945, 10.637440
-0.153229, -0.790087, 9.825806
0.397438, 0.646435, 11.470623
-0.174777, -0.667982, 10.381260
0.639252, 0.385466, 11.552025
-0.122104, -0.816423, 10.879253
0.062249, -0.248997, 9.969456
0.553061, 0.351948, 10.824188
-0.102951, -0.656011, 9.981426
0.792481, 0.356736, 11.930309
-0.222661, -0.809240, 10.716446
0.105345, -0.296881, 10.046070
0.361524, 0.438139, 10.690113
0.071826, -0.390255, 9.447521
0.952892, 0.349553, 11.688492
-0.280122, -1.074996, 10.433933
0.191536, -0.067038, 10.335770
0.536301, 0.397438, 10.527306
0.146046, -0.193930, 9.009380
0.665588, 0.129287, 11.631031
-0.160412, -0.847548, 10.556034
0.280122, 0.208296, 10.441113
0.418985, 0.114922, 10.388443
0.162806, -0.083797, 8.937553
0.778116, 0.335188, 11.733982
-0.153229, -0.909797, 10.050858
0.222661, 0.316035, 10.596737
0.471658, 0.186748, 10.536880
0.313640, 0.174777, 9.004593
0.533907, 0.174777, 11.176136
-0.148441, -1.101333, 9.988609
0.404620, 0.495600, 10.797852
0.512359, 0.114922, 10.187328
0.366313, 0.318429, 9.241619
0.373495, 0.021548, 11.156982
0.112527, -0.756568, 9.979034
0.490811, 0.395043, 10.986992
0.354342, -0.208296, 10.273521
0.471658, 0.318429, 9.713276
0.395043, 0.031125, 10.776302
0.107739, -0.864307, 9.792286
0.584185, 0.562637, 11.116280
0.402226, -0.129287, 10.177753
0.557849, 0.363919, 9.789890
0.186748, -0.165200, 10.512939
0.282516, -0.691924, 9.478645
0.770933, 0.679953, 11.046848
0.306458, -0.524330, 10.168175
0.402226, 0.366313, 10.017342
0.263362, -0.136469, 10.328587
0.215478, -0.409409, 9.507374
0.658406, 0.766145, 11.049240
0.241814, -0.624887, 10.374077
0.641646, 0.268151, 10.441113
0.189142, -0.045490, 10.249577
0.191536, -0.581791, 9.658211
0.672771, 0.684742, 11.104309
0.330400, -0.600945, 10.220848
0.466869, 0.363919, 10.838551
-0.004788, -0.471658, 10.034100
0.328006, -0.093374, 9.725246
0.878672, 0.553061, 10.831367
0.014365, -0.859519, 10.000580
0.586579, 0.229843, 11.243172
-0.148441, -0.339977, 10.319012
0.256180, -0.071826, 9.792286
0.591368, 0.572214, 11.178528
0.117316, -1.101333, 10.345345
0.476446, 0.387861, 11.353306
-0.232238, -0.617704, 10.627861
0.215478, 0.035913, 9.888054
0.648829, 0.241814, 11.312603
0.122104, -0.945710, 10.074802
0.294487, 0.555455, 11.700466
-0.294487, -0.756568, 10.632652
0.323217, 0.143652, 9.995792
0.581791, 0.246603, 11.030087
-0.062249, -1.096544, 9.710884
0.466869, 0.418985, 11.858482
-0.361524, -0.835577, 10.965443
0.217872, 0.392649, 10.216061
0.426168, 0.071826, 11.049240
0.134075, -1.017536, 9.641449
0.380678, 0.402226, 11.875240
-0.287304, -1.197101, 11.051636
0.402226, 0.545878, 10.766727
0.395043, -0.011971, 11.046848
0.014365, -0.948104, 9.615116
0.349553, 0.351948, 11.571178
0.380678, 0.634464, 11.597515
-0.184354, -1.168370, 10.733208
0.368707, 0.701501, 11.116280
0.074220, -0.502782, 11.006145
0.169988, -0.696713, 9.684547
0.258574, 0.363919, 11.611877
-0.241814, -1.118092, 10.867283
0.636858, 0.627281, 11.185711
-0.021548, -0.763750, 10.896011
-0.040701, -0.725443, 9.665394
0.282516, 0.462081, 11.506535
-0.076614, -0.878672, 10.457874
0.574608, 0.584185, 11.276691
-0.215478, -0.826000, 10.632652
0.184354, -0.629675, 9.991005
0.301669, 0.447716, 11.061214
-0.026336, -0.928950, 10.101139
0.679953, 0.768539, 11.793839
-0.160412, -0.845153, 10.658985
0.119710, -0.256180, 10.053253
0.198719, 0.294487, 10.855312
0.129287, -0.679953, 10.072407
0.804452, 0.610522, 11.678917
-0.332794, -1.034295, 10.649410
0.289698, -0.311246, 10.283096
0.347159, 0.447716, 10.673351
0.306458, -0.351948, 9.368511
0.641646, 0.598551, 11.609486
-0.076614, -1.139640, 10.757149
0.442927, 0.071826, 10.386047
0.325611, -0.047884, 10.393230
0.263362, -0.433351, 9.191341
0.857124, 0.596156, 11.801022
-0.162806, -1.106121, 10.189724
0.385466, 0.172383, 10.520123
0.385466, 0.074220, 10.235214
0.416591, -0.150835, 8.896854
0.811635, 0.517148, 11.611877
-0.256180, -1.352724, 10.000580
0.433351, 0.380678, 10.807426
0.450110, 0.074220, 10.000580
0.342371, -0.052672, 8.959103
0.648829, 0.524330, 11.501747
-0.074220, -1.132457, 9.967064
0.514753, 0.418985, 10.687717
0.351948, -0.146046, 9.955090
0.450110, 0.246603, 8.963890
0.579397, 0.524330, 11.164162
-0.232238, -1.003170, 9.957485
0.411803, 0.514753, 10.922348
0.363919, -0.071826, 10.036495
0.536301, 0.332794, 9.150639
0.414197, 0.349553, 11.197681
-0.129287, -1.103727, 9.864113
0.521936, 0.730232, 11.269508
0.356736, -0.356736, 10.378864
0.308852, 0.464475, 9.267956
0.509965, 0.301669, 10.726025
-0.090980, -0.845153, 9.421185
0.735020, 0.667982, 11.274296
0.198719, -0.363919, 10.611103
0.538695, 0.093374, 9.844959
0.423774, 0.198719, 10.079590
-0.067038, -1.070208, 9.454704
0.775721, 0.885855, 11.324574
0.265756, -0.438139, 10.345345
0.593762, 0.208296, 10.477028
-0.026336, -0.234632, 10.065224
0.184354, -0.627281, 9.516953
0.883461, 0.859519, 11.046848
0.011971, -0.780510, 10.275913
0.459687, 0.155623, 11.147404
0.014365, -0.153229, 10.357319
0.074220, -0.404620, 9.483433
0.746991, 0.830788, 11.207260
0.100556, -0.811635, 10.180145
0.548272, 0.174777, 10.766727
-0.052672, -0.328006, 10.271126
-0.146046, -0.296881, 9.433155
0.809240, 0.780510, 11.468227
0.112527, -0.878672, 9.998188
0.308852, 0.241814, 10.948685
-0.057461, -0.416591, 10.453087
0.114922, -0.131681, 9.643845
0.737414, 0.634464, 11.372459
-0.205901, -1.022324, 10.046070
0.454898, 0.198719, 11.520901
-0.172383, -0.445322, 10.412384
0.198719, 0.055067, 9.830593
0.617704, 0.512359, 11.235989
0.040701, -1.142034, 9.947910
0.423774, 0.275333, 11.508930
-0.203507, -0.852336, 10.716446
0.232238, 0.229843, 10.038887
0.622493, 0.246603, 10.927135
-0.019154, -0.883461, 9.866505
0.337582, 0.143652, 11.468227
-0.153229, -0.758962, 10.982204
0.464475, 0.203507, 10.223244
0.418985, 0.112527, 11.106701
0.071826, -1.209072, 9.545681
0.476446, 0.282516, 11.669338
-0.110133, -0.761356, 10.903194
0.241814, 0.265756, 10.644623
0.407014, -0.059855, 11.061214
0.016759, -0.773327, 9.849747
0.363919, 0.093374, 11.700466
-0.172383, -1.060631, 10.620678
0.553061, 0.675165, 10.565613
0.220267, -0.112527, 10.831367
-0.047884, -0.940921, 9.631874
0.409409, 0.289698, 11.269508
-0.105345, -0.708684, 10.488998
0.648829, 0.486023, 11.003750
-0.081403, -0.481235, 10.982204
0.047884, -0.936133, 10.105927
0.385466, 0.308852, 11.487381
-0.107739, -0.787692, 10.594341
0.459687, 0.742203, 11.245567
0.074220, -0.620098, 11.003750
0.021548, -0.521936, 9.904812
0.337582, 0.191536, 11.154587
-0.016759, -0.466869, 10.323799
0.766145, 0.483629, 11.145008
-0.143652, -0.624887, 11.015724
-0.023942, -0.641646, 10.024525
0.385466, 0.490811, 11.049240
0.186748, -0.414197, 9.844959
0.665588, 0.550666, 11.441891
-0.083797, -0.861913, 10.991779
0.117316, -0.354342, 10.299858
0.418985, 0.083797, 10.515335
0.258574, -0.440533, 9.327808
0.847548, 0.632069, 11.999741
-0.323217, -1.015141, 10.668564
0.158017, -0.225055, 10.568008
0.464475, 0.093374, 10.615891
0.371101, 0.016759, 8.987835
0.962469, 0.524330, 11.729195
-0.373495, -1.142034, 10.352528
0.294487, 0.009577, 10.419567
0.646435, 0.260968, 10.460266
0.435745, 0.117316, 8.501812
0.646435, 0.445322, 11.362881
-0.124499, -1.005565, 10.314220
0.222661, 0.222661, 10.342953
0.533907, 0.100556, 10.419567
0.488417, 0.244209, 8.882488
0.531513, 0.284910, 11.379642
-0.090980, -0.797269, 10.089165
0.158017, 0.088585, 10.551247
0.361524, 0.555455, 10.855312
0.483629, -0.112527, 10.098743
0.452504, 0.519542, 9.141064
0.287304, 0.110133, 10.709267
0.162806, -0.845153, 9.900024
0.509965, 0.476446, 10.991779
0.347159, -0.296881, 10.500969
0.545878, 0.308852, 9.684547
0.253785, 0.181959, 10.196907
-0.002394, -0.816423, 9.749191
0.517148, 0.694319, 11.346123
0.272939, -0.253785, 10.496181
0.644040, 0.122104, 9.983822
0.031125, -0.031125, 10.093956
0.198719, -0.533907, 9.684547
0.555455, 0.758962, 10.948685
0.260968, -0.696713, 10.345345
0.373495, 0.282516, 10.251972
0.129287, -0.031125, 10.091560
0.205901, -0.320823, 9.425972
0.608127, 0.737414, 11.058819
0.198719, -0.852336, 10.393230
0.598551, 0.270545, 10.618286
-0.052672, -0.258574, 9.981426
0.059855, -0.354342, 9.732430
0.670377, 0.818817, 11.350910
0.095768, -0.957681, 10.438721
0.407014, 0.296881, 11.058819
-0.162806, -0.423774, 10.093956
0.232238, 0.026336, 9.629478
0.763750, 0.706290, 11.161770
-0.131681, -1.036689, 9.902420
0.545878, 0.210690, 11.475410
-0.244209, -0.351948, 10.338165
0.131681, -0.004788, 9.706093
0.553061, 0.603339, 11.255142
-0.028730, -1.130063, 9.986217
0.586579, 0.205901, 11.597515
-0.304064, -0.756568, 10.869675
0.208296, 0.222661, 9.847351
0.632069, 0.452504, 11.252750
0.055067, -1.084573, 9.974243
0.339977, 0.143652, 11.748348
-0.093374, -0.955287, 10.800243
0.402226, 0.409409, 10.115501
0.509965, 0.433351, 10.939110
-0.081403, -1.273715, 9.718063
0.469264, 0.371101, 11.590332
-0.237026, -0.837971, 10.931927
0.450110, 0.536301, 10.376472
0.359130, 0.107739, 10.864887
0.232238, -1.098938, 9.562443
0.284910, 0.205901, 11.631031
-0.198719, -1.019930, 11.010933
0.572214, 0.663194, 10.596737
0.222661, -0.023942, 11.221622
0.076614, -1.058237, 9.756371
0.299275, 0.040701, 11.439495
0.007183, -0.840365, 10.728420
0.756568, 0.632069, 10.788273
-0.057461, -0.349553, 11.030087
0.069432, -1.055843, 10.034100
0.404620, 0.373495, 11.293449
-0.093374, -0.890643, 10.556034
0.701501, 0.672771, 10.972626
-0.174777, -0.423774, 10.931927
0.114922, -0.785298, 10.120293
0.387861, 0.275333, 11.398796
-0.088585, -0.921768, 10.481815
0.905008, 0.732626, 11.439495
-0.222661, -0.634464, 10.728420
-0.081403, -0.689530, 10.223244
0.502782, 0.442927, 11.326969
0.117316, -0.610522, 10.072407
0.857124, 0.428562, 11.736378
-0.184354, -0.641646, 10.845734
0.198719, -0.378284, 10.189724
0.557849, 0.260968, 10.845734
0.079009, -0.536301, 9.433155
0.830788, 0.603339, 12.090721
-0.136469, -0.823606, 10.773907
0.177171, -0.225055, 10.491394
0.497994, 0.126893, 10.733208
0.205901, -0.193930, 9.054871
0.974440, 0.490811, 11.781868
-0.316035, -0.869095, 10.606316
0.160412, -0.138864, 10.793060
0.620098, 0.244209, 10.826580
0.375890, -0.208296, 8.722076
0.718261, 0.337582, 11.477802
0.002394, -0.828394, 10.417171
0.272939, 0.090980, 10.793060
0.450110, -0.055067, 10.522518
0.304064, -0.165200, 8.990227
0.718261, 0.493206, 11.520901
-0.033519, -0.806846, 9.914391
0.275333, 0.304064, 10.726025
0.641646, -0.045490, 10.417171
0.464475, 0.146046, 8.920795
0.672771, 0.397438, 10.845734
-0.136469, -0.890643, 10.031704
0.287304, 0.521936, 11.049240
0.435745, -0.102951, 10.292675
0.462081, 0.272939, 8.999805
0.457293, 0.371101, 11.121067
0.038307, -0.814029, 9.804256
0.263362, 0.569820, 11.183315
0.361524, -0.292093, 10.462662
0.440533, 0.383072, 9.471462
0.483629, 0.385466, 10.309433
-0.035913, -0.840365, 9.485828
0.608127, 0.617704, 11.343727
0.342371, -0.203507, 10.603920
0.517148, 0.256180, 9.653423
0.325611, 0.105345, 9.947910
0.124499, -0.725443, 9.308655
0.706290, 0.732626, 11.410767
0.193930, -0.706290, 10.481815
0.521936, 0.371101, 10.149021
0.203507, -0.208296, 9.923965
0.378284, -0.423774, 9.390060
0.766145, 0.689530, 11.061214
0.074220, -0.758962, 10.699688
0.586579, 0.088585, 10.946289
0.088585, -0.270545, 9.923965
0.009577, -0.337582, 9.097965
0.857124, 0.890643, 11.434708
0.028730, -0.814029, 10.180145
0.574608, 0.038307, 10.958263
-0.098162, -0.385466, 9.873688
0.213084, -0.148441, 9.442734
0.785298, 0.967257, 11.221622
-0.186748, -1.017536, 9.964668
0.411803, 0.081403, 11.449074
-0.088585, -0.409409, 10.429142
0.169988, 0.033519, 9.528923
0.533907, 0.617704, 11.437103
-0.019154, -0.967257, 10.319012
0.284910, 0.076614, 11.341335
-0.167594, -0.689530, 10.486603
0.141258, 0.114922, 9.799469
0.512359, 0.603339, 11.171345
0.174777, -1.000776, 10.115501
0.071826, 0.083797, 11.511322
-0.141258, -0.893037, 10.726025
0.174777, 0.450110, 9.787498
0.399832, 0.332794, 10.934319
-0.043096, -1.192313, 10.093956
0.296881, 0.148441, 11.942280
-0.093374, -0.852336, 10.840946
0.366313, 0.438139, 10.026917
0.332794, 0.217872, 11.104309
0.098162, -1.115698, 9.821014
0.426168, 0.153229, 11.853695
-0.282516, -1.189919, 11.209652
0.469264, 0.612916, 10.565613
0.167594, 0.148441, 10.773907
0.136469, -0.950498, 10.010159
0.268151, -0.071826, 11.695675
-0.038307, -1.019930, 10.907982
0.739808, 0.770933, 10.565613
0.047884, -0.220267, 10.771515
0.167594, -0.957681, 10.110714
0.275333, 0.268151, 11.633427
-0.148441, -0.998382, 10.711658
0.569820, 0.565032, 11.075577
-0.007183, -0.280122, 11.006145
0.198719, -0.816423, 10.254368
0.189142, 0.086191, 11.676521
-0.122104, -1.142034, 10.728420
0.677559, 0.998382, 11.006145
0.002394, -0.466869, 10.781090
0.098162, -0.905008, 9.909603
0.304064, 0.196325, 11.700466
0.028730, -0.778116, 10.371681
0.754174, 0.584185, 11.077972
-0.107739, -0.507571, 10.651806
0.131681, -0.818817, 10.050858
0.335188, 0.239420, 11.310211
-0.038307, -0.938527, 10.460266
0.766145, 0.658406, 11.540054
-0.055067, -0.859519, 10.994175
0.016759, -0.466869, 10.287884
0.265756, 0.045490, 11.087547
0.301669, -0.660800, 9.998188
0.893037, 0.665588, 11.578362
-0.282516, -0.988805, 10.817005
0.079009, -0.464475, 10.493786
0.493206, 0.356736, 10.797852
0.414197, -0.440533, 9.569626
0.782904, 0.603339, 11.573570
-0.083797, -0.976834, 10.548855
0.426168, 0.043096, 10.251972
0.421380, -0.023942, 10.386047
0.356736, -0.294487, 9.141064
0.952892, 0.701501, 11.975800
-0.167594, -1.127669, 10.168175
0.308852, 0.158017, 10.678139
0.531513, 0.172383, 10.761936
0.514753, 0.093374, 8.966286
0.871490, 0.550666, 11.609486
-0.184354, -0.974440, 10.070011
0.385466, 0.347159, 10.704475
0.603339, 0.141258, 10.254368
0.557849, 0.167594, 8.805874
0.713472, 0.497994, 11.336544
0.102951, -0.981623, 9.785103
0.442927, 0.454898, 10.687717
0.466869, 0.007183, 10.292675
0.670377, 0.354342, 9.323021
0.574608, 0.471658, 10.879253
0.162806, -0.924162, 9.689335
0.450110, 0.586579, 11.125854
0.586579, -0.146046, 10.469845
0.586579, 0.416591, 9.368511
0.593762, 0.256180, 10.512939
0.102951, -0.806846, 9.653423
0.735020, 0.679953, 11.334152
0.502782, -0.287304, 10.125080
0.670377, 0.292093, 9.311050
0.490811, 0.220267, 10.587162
0.239420, -0.751779, 9.105148
0.689530, 0.871490, 11.025299
0.426168, -0.359130, 10.529701
0.524330, 0.095768, 9.746796
0.641646, 0.122104, 9.938332
0.007183, -0.727837, 9.313446
0.816423, 0.754174, 11.197681
0.330400, -0.423774, 10.649410
0.493206, 0.090980, 10.007763
0.241814, -0.059855, 9.926361
0.232238, -0.663194, 9.320629
0.857124, 1.005565, 10.958263
0.181959, -0.744597, 10.433933
0.519542, 0.028730, 10.591949
0.222661, -0.093374, 10.038887
0.260968, -0.335188, 9.224861
0.746991, 0.737414, 10.986992
0.086191, -0.766145, 10.165779
0.505177, -0.028730, 10.663776
0.004788, -0.332794, 10.180145
0.016759, -0.325611, 9.311050
0.778116, 0.775721, 11.252750
-0.064643, -0.909797, 10.314220
0.363919, 0.033519, 11.358093
-0.083797, -0.409409, 10.271126
0.244209, -0.031125, 9.531319
0.723049, 0.814029, 11.166557
-0.373495, -1.182736, 10.304646
0.280122, -0.040701, 11.796234
-0.191536, -0.577003, 10.656593
0.134075, 0.083797, 9.564835
0.665588, 0.696713, 11.044453
-0.150835, -0.993594, 9.962273
0.328006, -0.023942, 11.808205
-0.248997, -0.811635, 10.884041
0.366313, 0.296881, 9.895237
0.641646, 0.778116, 10.876858
-0.071826, -1.177948, 9.852142
0.229843, -0.090980, 11.824963
-0.071826, -0.837971, 11.113884
0.308852, 0.435745, 10.122684
0.435745, 0.294487, 11.235989
-0.088585, -1.173159, 9.933544
0.337582, 0.028730, 11.913548
-0.165200, -0.826000, 10.994175
0.344765, 0.368707, 10.266338
0.502782, 0.138864, 10.943897
-0.019154, -1.017536, 9.840168
0.287304, 0.131681, 11.923126
-0.172383, -1.213861, 10.967838
0.569820, 0.569820, 10.333374
0.234632, -0.040701, 11.030087
-0.114922, -1.156399, 9.751583
0.337582, 0.059855, 11.597515
-0.009577, -0.818817, 10.986992
0.624887, 0.471658, 10.697292
-0.009577, -0.356736, 10.919956
0.107739, -0.847548, 10.175358
0.335188, 0.136469, 11.607090
-0.169988, -0.864307, 10.747574
0.634464, 0.529119, 11.042061
-0.014365, -0.471658, 10.824188
0.067038, -0.536301, 9.866505
0.196325, 0.069432, 11.195290
0.110133, -0.665588, 10.383652
0.816423, 0.514753, 11.291058
-0.131681, -0.679953, 10.749966
0.002394, -0.541090, 10.081985
0.433351, 0.280122, 11.228806
0.253785, -0.526724, 9.840168
0.701501, 0.363919, 11.552025
-0.067038, -0.689530, 10.812214
0.155623, -0.193930, 10.342953
0.263362, 0.134075, 10.800243
0.258574, -0.612916, 9.897629
0.869095, 0.416591, 11.796234
0.000000, -0.818817, 10.426750
0.229843, -0.138864, 10.419567
0.399832, -0.040701, 10.714054
0.438139, -0.146046, 9.224861
0.725443, 0.280122, 11.575966
-0.332794, -1.103727, 10.017342
0.426168, 0.316035, 10.733208
0.414197, -0.007183, 10.122684
0.541090, 0.174777, 9.416397
0.612916, -0.059855, 11.214443
-0.052672, -0.823606, 10.149021
0.471658, 0.407014, 10.730812
0.074220, -0.009577, 10.292675
0.646435, 0.423774, 10.017342
0.596156, 0.241814, 11.152191
-0.098162, -0.991199, 9.679756
0.560243, 0.670377, 11.171345
0.244209, -0.248997, 9.981426
0.730232, 0.902614, 9.959881
0.452504, -0.086191, 10.127472
-0.225055, -0.694319, 9.962273
0.972046, 0.952892, 11.042061
-0.112527, -0.557849, 9.643845
0.814029, 0.938527, 9.923965
0.222661, -0.196325, 10.673351
-0.014365, -0.670377, 9.763554
1.115698, 1.043872, 11.094730
-0.201113, -0.847548, 10.441113
0.620098, 0.684742, 10.838551
0.160412, -0.600945, 9.885658
0.071826, -0.450110, 10.081985
1.036689, 0.905008, 11.118675
-0.062249, -0.924162, 10.204086
0.916979, 0.756568, 10.979809
-0.227449, -0.924162, 9.639057
0.205901, 0.000000, 10.321404
1.235408, 0.828394, 11.032482
-0.296881, -0.897826, 9.773132
0.854730, 0.435745, 11.319786
-0.311246, -0.998382, 9.734825
0.423774, 0.134075, 10.077194
1.127669, 0.998382, 11.032482
-0.471658, -1.312023, 10.034100
1.041478, 0.490811, 11.609486
-0.529119, -1.003170, 9.950302
0.246603, 0.284910, 10.378864
1.115698, 0.433351, 11.111492
-0.397438, -0.615310, 10.206482
0.981623, 0.000000, 11.633427
-0.689530, -0.876278, 9.746796
0.675165, 0.447716, 10.658985
0.835577, 0.263362, 10.893620
-0.380678, -0.866701, 10.335770
0.667982, 0.177171, 11.724407
-0.428562, -1.101333, 9.897629
0.723049, 0.818817, 10.714054
0.287304, -0.174777, 10.809822
-0.047884, -0.696713, 10.793060
0.823606, 0.040701, 11.712437
-0.881066, -1.053449, 10.038887
0.617704, 0.483629, 10.807426
0.505177, -0.193930, 10.711658
-0.143652, -0.615310, 10.345345
0.749385, 0.146046, 12.258312
-0.818817, -1.103727, 10.022129
1.036689, 0.780510, 10.965443
0.064643, -0.435745, 10.388443
-0.213084, -0.603339, 10.632652
0.919374, -0.059855, 11.769897
-0.706290, -1.015141, 10.127472
1.106121, 0.586579, 10.994175
-0.282516, -0.816423, 10.285492
0.251391, -0.239420, 10.656593
0.763750, -0.122104, 11.322182
-0.744597, -1.051054, 10.251972
1.177948, 0.689530, 11.006145
-0.189142, -0.493206, 9.813835
0.268151, -0.339977, 10.539276
0.481235, -0.105345, 11.439495
-0.426168, -0.675165, 10.144234
1.300052, 1.101333, 10.395626
-0.289698, -0.835577, 10.175358
0.217872, -0.100556, 10.263943
0.679953, 0.217872, 10.690113
-0.162806, -0.742203, 10.012550
0.861913, 0.538695, 11.343727
-0.553061, -0.981623, 9.040504
0.612916, 1.266533, 10.072407
0.557849, -0.371101, 11.094730
-0.332794, -0.359130, 9.698910
1.343147, -0.019154, 11.935097
-0.629675, -1.187524, 9.773132
0.464475, 0.950498, 10.297462
0.584185, -0.385466, 10.565613
0.308852, 0.605733, 9.873688
1.034295, -0.251391, 11.006145
-0.804452, -0.416591, 10.077194
1.010353, 0.778116, 11.030087
0.196325, -0.931345, 9.677364
0.328006, 1.209072, 10.419567
0.397438, -0.708684, 10.582371
-0.383072, -0.002394, 10.479420
1.161188, 0.723049, 11.741165
-0.727837, -1.414973, 9.507374
0.701501, 0.847548, 11.159374
0.052672, -0.330400, 10.089165
-0.181959, 0.028730, 9.892841
1.177948, 0.337582, 12.461823
-1.094150, -1.039083, 9.967064
0.720655, 0.007183, 11.441891
-0.402226, -0.981623, 10.857704
0.308852, 0.366313, 10.038887
0.873884, -0.663194, 10.864887
-0.758962, -0.509965, 10.141838
1.149217, 0.009577, 11.276691
-0.373495, -0.823606, 9.943119
1.079785, 0.304064, 11.422737
0.007183, -0.495600, 9.868900
0.050278, 0.428562, 10.247185
1.228226, -0.371101, 11.748348
-0.509965, -0.509965, 9.502586
1.225832, 0.615310, 11.767502
-0.778116, -0.289698, 10.285492
0.679953, 0.150835, 10.510548
0.603339, -0.186748, 10.828976
-0.337582, 0.526724, 10.536880
1.024718, -0.416591, 10.642227
-0.828394, 0.316035, 10.450691
1.472434, -0.502782, 11.559208
-0.644040, -0.610522, 10.055649
0.380678, -0.100556, 10.754753
0.335188, -0.395043, 11.609486
-0.138864, -0.275333, 9.624691
0.938527, -0.407014, 11.554417
-0.445322, -0.488417, 10.788273
1.005565, -0.227449, 11.154587
0.105345, -0.263362, 9.847351
0.897826, -0.031125, 10.541672
0.418985, -0.677559, 10.079590
-0.253785, 1.369483, 9.718063
1.261744, -0.395043, 10.613495
-0.596156, -0.277727, 9.864113
1.233014, 0.162806, 11.279083
-0.296881, 0.028730, 10.505756
0.617704, -0.062249, 11.554417
-0.126893, -0.098162, 10.484211
0.004788, -0.122104, 10.254368
0.730232, -0.081403, 10.972626
-0.548272, 0.359130, 9.572018
1.086967, -0.967257, 11.640610
-0.411803, -0.440533, 10.589554
1.012747, -0.146046, 10.699688
-0.296881, -0.155623, 10.041283
0.811635, -0.991199, 11.439495
0.428562, -0.624887, 10.407597
0.134075, 1.218649, 9.830593
0.916979, -0.210690, 10.611103
-0.481235, -0.464475, 10.704475
1.039083, 0.107739, 10.311829
-0.387861, 0.713472, 10.263943
0.735020, -0.105345, 11.156982
-0.538695, -1.007959, 10.591949
0.598551, -0.136469, 10.474632
0.380678, -0.019154, 11.188107
-0.043096, -0.110133, 10.287884
0.799664, -1.043872, 10.287884
0.052672, 0.670377, 9.646240
1.283292, -0.055067, 10.773907
0.126893, 0.220267, 10.251972
0.679953, -0.098162, 11.305420
-0.076614, 0.186748, 9.622295
0.847548, -0.653617, 10.613495
0.028730, 0.289698, 9.995792
1.321599, -0.536301, 10.869675
-0.555455, 0.363919, 9.916782
0.691924, -1.204284, 10.929531
-0.253785, 0.395043, 11.401188
0.114922, -0.241814, 10.855312
-0.079009, -0.713472, 10.831367
-0.057461, 0.076614, 10.716446
0.739808, -0.660800, 11.358093
-0.196325, 1.110909, 9.610325
0.869095, -0.905008, 10.627861
-0.062249, 0.581791, 10.132263
1.086967, -0.548272, 11.202469
-0.418985, 0.368707, 9.852142
0.845153, -0.450110, 10.328587
-0.038307, 0.208296, 11.516109
-0.050278, -0.632069, 10.742783
0.356736, -0.775721, 10.321404
0.263362, 0.481235, 10.163387
0.512359, -0.701501, 11.245567
-0.112527, 0.265756, 10.182541
1.000776, -0.359130, 10.024525
0.002394, 0.636858, 10.196907
0.545878, -0.035913, 11.116280
-0.395043, -0.687136, 10.546459
0.667982, 0.196325, 10.654198
-0.299275, -0.162806, 10.529701
0.050278, -0.260968, 10.919956
0.088585, -0.146046, 10.544064
0.653617, -0.205901, 10.467449
0.323217, 0.260968, 10.393230
0.047884, -0.596156, 10.761936
0.823606, -0.256180, 10.651806
0.079009, -0.129287, 10.647015
0.162806, -0.758962, 10.436325
-0.153229, -0.691924, 10.666168
0.500388, 0.325611, 11.255142
0.007183, -0.383072, 9.634270
0.521936, 0.062249, 10.807426
0.533907, 0.890643, 10.132263
0.586579, -0.905008, 10.553642
-0.117316, 0.636858, 11.590332
0.162806, 0.079009, 10.062832
0.304064, -1.189919, 10.601524
-0.366313, 0.208296, 10.477028
0.366313, -0.086191, 10.764332
0.711078, 0.052672, 9.816227
0.363919, -0.368707, 10.177753
-0.083797, 0.148441, 11.374851
0.435745, 0.349553, 10.232819
0.014365, -1.829170, 10.086773
-0.100556, -0.335188, 11.777081
-0.019154, -0.354342, 10.412384
0.756568, -0.378284, 10.335770
0.198719, 0.505177, 10.445904
0.203507, -0.593762, 10.886436
0.677559, 0.524330, 11.477802
-0.275333, 0.050278, 10.436325
0.122104, -1.187524, 10.488998
0.442927, 0.459687, 11.022903
0.280122, -1.065420, 9.959881
0.189142, 0.624887, 10.843342
0.519542, 1.295263, 10.189724
0.644040, -0.232238, 10.287884
0.337582, 0.143652, 10.627861
-0.031125, -0.557849, 10.165779
0.409409, -0.354342, 10.771515
0.045490, -0.050278, 10.311829
-0.011971, -0.890643, 10.328587
1.036689, 0.553061, 11.597515
-0.081403, 0.000000, 10.484211
0.311246, -0.471658, 10.292675
0.538695, 0.356736, 10.644623
-0.064643, -1.479617, 10.335770
0.021548, -0.474052, 10.721237
0.998382, 0.141258, 10.369289
0.172383, 0.076614, 9.564835
0.344765, 0.296881, 10.534489
-0.007183, 0.497994, 10.505756
0.328006, -1.379060, 10.680534
-0.186748, -0.325611, 10.785881
0.435745, -0.512359, 9.962273
0.330400, 0.897826, 10.228031
0.414197, 0.265756, 10.536880
-0.102951, 0.155623, 10.017342
0.861913, -0.684742, 10.790668
-0.572214, -0.088585, 10.706871
0.466869, -0.608127, 10.002975
0.634464, 0.830788, 10.096348
0.301669, -0.462081, 10.407597
-0.275333, 0.531513, 10.591949
0.979228, -0.416591, 10.936714
-0.387861, -0.244209, 9.916782
0.691924, -0.907403, 9.720459
0.457293, 0.596156, 10.441113
0.474052, -0.869095, 10.618286
0.375890, -0.117316, 9.873688
0.984017, -0.277727, 10.912773
-0.620098, -0.253785, 10.342953
0.404620, -0.390255, 10.615891
0.229843, 0.339977, 10.802639
0.229843, -0.967257, 11.111492
-0.292093, 0.399832, 10.900803
0.706290, -0.100556, 11.903973
-0.069432, -0.560243, 10.065224
0.790087, -0.567426, 10.378864
0.124499, -0.148441, 11.097126
0.392649, -0.799664, 11.367672
-0.356736, 0.780510, 10.295067
0.957681, -0.435745, 10.975021
-0.471658, -0.371101, 10.350136
0.339977, -1.024718, 10.651806
0.268151, 0.392649, 9.907207
0.727837, -0.316035, 11.142616
-0.553061, 0.349553, 10.965443
1.053449, -1.249774, 11.262325
-0.220267, 0.169988, 9.842564
0.816423, -0.679953, 10.419567
-0.174777, 0.735020, 10.402805
0.493206, -0.629675, 10.788273
0.031125, 1.326388, 9.627087
0.818817, -1.403002, 11.173740
-0.928950, -0.869095, 11.446678
1.098938, -1.043872, 10.431538
0.088585, 1.881843, 9.677364
0.732626, -0.521936, 10.879253
-0.603339, 0.572214, 11.020512
0.782904, -1.503559, 9.914391
-0.483629, 0.380678, 10.338165
0.921768, -0.916979, 11.781868
-0.591368, 0.845153, 10.678139
1.314417, -0.004788, 9.323021
-0.332794, 1.158793, 10.924744
0.088585, -1.616086, 10.951080
-0.138864, 0.241814, 9.619904
1.654394, 0.452504, 11.022903
-0.778116, 0.074220, 10.850521
0.598551, -0.964863, 10.134655
-0.227449, 0.859519, 9.832989
1.098938, -0.471658, 10.953472
-0.462081, 0.428562, 9.883266
0.859519, -0.169988, 10.658985
-0.126893, 0.598551, 10.070011
0.246603, -1.067814, 11.372459
-0.299275, -0.696713, 9.710884
0.998382, -0.373495, 10.915165
0.023942, 0.658406, 11.070789
0.055067, -1.060631, 10.886436
-0.150835, -0.445322, 9.794678
0.766145, 0.088585, 10.409988
-0.083797, 0.143652, 11.303028
0.098162, -0.706290, 10.259155
0.464475, -0.481235, 10.359711
0.167594, -0.043096, 11.475410
0.047884, -1.400608, 10.893620
0.287304, 0.342371, 10.158600
0.636858, 0.833182, 10.213665
0.143652, 0.433351, 11.006145
-0.184354, -1.235408, 9.938332
0.545878, 0.193930, 10.072407
0.351948, 0.821211, 10.946289
0.102951, -0.486023, 11.322182
0.126893, -0.490811, 10.168175
0.409409, -0.181959, 10.235214
0.275333, -0.294487, 11.542446
-0.009577, -0.409409, 10.730812
0.610522, 0.308852, 10.048466
0.158017, 0.646435, 10.584766
0.304064, -1.228226, 10.508152
0.035913, 0.014365, 10.340557
0.677559, 0.380678, 10.682930
0.186748, -0.758962, 10.929531
-0.004788, -0.940921, 10.737995
0.541090, -0.459687, 10.884041
0.198719, -0.069432, 10.532093
0.632069, 0.138864, 9.737217
0.033519, 1.185130, 11.250355
0.600945, -1.731008, 10.036495
0.450110, 1.091756, 9.773132
0.248997, 1.113304, 10.682930
-0.004788, -1.197101, 10.395626
0.900220, -0.311246, 10.393230
-0.378284, -0.098162, 10.500969
0.459687, -1.965640, 11.303028
0.703895, 0.074220, 10.697292
0.093374, 0.158017, 10.316616
0.426168, -1.256956, 10.838551
0.560243, -0.045490, 10.096348
0.325611, 0.823606, 10.405201
0.260968, 0.265756, 11.164162
0.282516, -0.835577, 9.576809
0.509965, 1.091756, 10.156204
0.064643, -0.215478, 10.761936
-0.045490, -0.232238, 10.721237
0.828394, -0.110133, 10.517727
0.055067, -1.079785, 10.395626
0.229843, -0.852336, 11.154587
0.351948, 0.653617, 10.740391
0.141258, -0.541090, 10.618286
0.711078, -0.656011, 10.603920
0.418985, 0.095768, 9.888054
0.282516, 0.263362, 10.431538
0.296881, 0.543484, 10.862495
0.545878, -0.715866, 9.854534
0.366313, 0.675165, 10.721237
0.253785, -0.277727, 9.751583
0.256180, 0.646435, 9.904812
0.715866, -0.914585, 11.046848
-0.282516, -0.354342, 10.445904
0.715866, 0.043096, 10.474632
-0.098162, -0.172383, 11.068394
0.102951, -0.984017, 10.527306
0.826000, 0.493206, 10.941502
-0.167594, -0.869095, 11.003750
0.639252, -0.627281, 9.976639
-0.225055, 0.646435, 11.415554
0.383072, -1.204284, 10.204086
0.459687, 0.763750, 10.687717
0.119710, -0.007183, 10.805035
-0.028730, -0.766145, 10.386047
0.814029, 0.735020, 9.873688
-0.119710, 0.866701, 10.848129
0.289698, -0.543484, 10.275913
0.500388, 0.299275, 9.928757
0.100556, 0.335188, 11.066002
0.258574, -1.247379, 9.866505
-0.112527, 1.288081, 9.935936
0.665588, -0.646435, 11.051636
-0.083797, -0.763750, 10.371681
0.313640, 0.459687, 10.515335
-0.007183, -0.474052, 11.068394
0.023942, -0.914585, 10.160992
0.565032, 0.639252, 10.881649
-0.529119, -0.976834, 10.929531
0.608127, -1.046266, 11.066002
-0.189142, -0.067038, 10.860100
0.342371, -0.742203, 10.647015
0.476446, 0.134075, 10.704475
-0.100556, -0.134075, 10.498573
0.737414, -0.799664, 10.948685
-0.179565, -0.265756, 11.293449
-0.169988, 0.057461, 10.462662
0.646435, -0.399832, 10.441113
-0.059855, 0.191536, 10.900803
0.189142, -0.294487, 11.128250
0.193930, -0.770933, 10.460266
0.112527, 0.148441, 11.518505
0.632069, -0.442927, 10.007763
-0.023942, 1.173159, 10.230423
0.086191, -0.160412, 11.355698
0.146046, -0.557849, 9.983822
0.608127, 0.275333, 11.149799
-0.186748, -1.146822, 10.498573
0.488417, 0.665588, 10.149021
0.627281, 0.581791, 10.517727
-0.387861, -0.339977, 10.316616
0.957681, 0.208296, 10.790668
-0.256180, -0.318429, 10.314220
0.684742, -0.284910, 10.259155
0.339977, 0.304064, 10.556034
-0.165200, 0.177171, 10.383652
1.086967, 0.122104, 10.192116
-0.186748, 0.644040, 9.983822
0.598551, -0.387861, 10.290279
0.306458, -0.205901, 10.309433
0.074220, -0.136469, 10.486603
0.497994, -0.146046, 10.469845
0.002394, 0.059855, 10.093956
1.017536, 0.471658, 10.187328
-0.138864, 0.531513, 10.034100
0.524330, -0.395043, 10.474632
0.337582, -0.045490, 10.146626
0.409409, -0.146046, 10.323799
0.193930, -0.344765, 10.907982
0.169988, 0.615310, 9.923965
0.928950, 0.237026, 10.541672
-0.301669, -0.167594, 10.247185
0.644040, 0.505177, 10.544064
0.268151, -0.926556, 10.053253
0.198719, 0.208296, 10.393230
0.375890, -0.143652, 11.006145
0.308852, -0.418985, 9.885658
0.763750, 1.340753, 10.591949
-0.478840, -0.608127, 10.168175
0.802058, -0.079009, 10.481815
0.239420, 0.270545, 10.644623
-0.004788, -1.225832, 10.125080
0.703895, 0.193930, 10.414780
0.248997, -0.067038, 11.015724
0.454898, -0.653617, 10.383652
-0.138864, 0.215478, 10.369289
0.526724, -0.679953, 11.410767
0.378284, -0.083797, 9.988609
0.299275, 0.390255, 10.651806
0.009577, -0.960075, 10.694901
0.502782, -0.239420, 10.876858
-0.062249, -0.356736, 10.553642
0.043096, -0.974440, 10.505756
1.048660, 0.134075, 11.171345
-0.335188, 0.035913, 10.297462
0.780510, -0.263362, 10.668564
0.134075, 0.318429, 10.900803
0.239420, -0.780510, 10.620678
0.275333, 0.251391, 10.398018
0.354342, -0.471658, 10.833763
0.818817, -0.040701, 10.817005
-0.225055, -0.009577, 10.443508
0.682348, -0.521936, 10.838551
0.572214, 0.586579, 10.508152
0.033519, -0.105345, 10.517727
0.337582, -0.136469, 10.110714
1.051054, 1.067814, 10.967838
-0.378284, -0.691924, 10.048466
0.272939, 0.701501, 10.240002
0.694319, -0.493206, 10.493786
-0.026336, -0.390255, 9.983822
0.251391, 0.023942, 10.891224
0.083797, -0.505177, 10.919956
0.682348, -0.169988, 10.278309
-0.344765, -0.100556, 10.702084
0.392649, -1.474828, 10.749966
0.634464, 0.699107, 10.426750
-0.086191, -0.004788, 10.821793
0.177171, -0.150835, 10.350136
0.718261, 0.718261, 10.553642
-0.069432, -0.948104, 10.534489
0.363919, -0.306458, 10.488998
0.806846, 0.660800, 10.809822
-0.380678, -0.263362, 10.520123
0.691924, -0.481235, 10.438721
0.169988, 0.217872, 10.579979
0.033519, -0.663194, 10.994175
-0.014365, 0.287304, 10.785881
0.339977, -0.143652, 10.979809
-0.272939, -0.344765, 10.122684
0.272939, -0.442927, 10.496181
0.316035, 0.100556, 10.749966
-0.004788, 0.110133, 10.160992
0.280122, -0.004788, 10.615891
0.378284, 0.014365, 10.036495
0.368707, -0.124499, 10.062832
0.071826, -0.440533, 10.144234
0.857124, 0.229843, 10.611103
-0.344765, -0.213084, 10.936714
0.205901, -0.830788, 10.632652
0.493206, 0.095768, 10.316616
0.028730, -0.605733, 11.013329
-0.062249, -0.098162, 10.749966
0.189142, 0.095768, 10.907982
-0.426168, -0.718261, 11.197681
0.430956, -0.651223, 10.283096
0.447716, 0.617704, 10.371681
0.069432, -0.248997, 10.443508
0.462081, 0.119710, 10.630257
0.280122, -0.287304, 10.204086
0.371101, -0.519542, 10.369289
0.639252, 0.804452, 10.345345
0.016759, 0.213084, 10.275913
0.184354, -0.117316, 10.287884
0.387861, -0.392649, 10.582371
-0.090980, -0.280122, 10.589554
-0.002394, 0.404620, 10.058041
0.593762, 0.268151, 10.551247
-0.031125, -0.071826, 9.995792
0.632069, -0.627281, 10.352528
0.418985, -0.150835, 10.862495
0.102951, -0.253785, 10.244789
0.550666, -0.335188, 10.900803
0.016759, -0.423774, 10.393230
0.567426, -0.881066, 10.931927
-0.232238, -0.196325, 11.312603
0.093374, -0.553061, 10.682930
0.112527, 0.067038, 11.214443
0.385466, -0.232238, 10.582371
0.213084, 0.318429, 10.886436
0.052672, -0.198719, 11.149799
0.708684, -0.703895, 10.630257
0.191536, -0.088585, 10.931927
-0.052672, -0.837971, 10.769119
0.591368, -0.270545, 10.611103
-0.093374, -0.150835, 11.336544
0.246603, -1.393425, 11.025299
0.538695, 0.804452, 10.577583
0.538695, -0.737414, 10.498573
0.392649, 0.869095, 10.220848
0.330400, -0.318429, 10.453087
0.495600, 0.464475, 10.606316
0.636858, 0.148441, 9.955090
0.380678, -0.462081, 10.072407
0.560243, -0.090980, 10.805035
-0.332794, -0.521936, 10.383652
0.687136, -0.718261, 10.292675
0.361524, 0.445322, 10.785881
0.050278, -0.524330, 10.893620
0.653617, 1.295263, 10.208878
0.588974, 0.280122, 10.340557
0.088585, -0.660800, 10.412384
0.591368, -0.533907, 10.996571
-0.478840, -0.679953, 10.371681
0.785298, -0.292093, 10.170570
0.251391, 0.785298, 10.840946
0.203507, -0.169988, 10.419567
0.641646, 0.964863, 10.601524
0.165200, -0.610522, 10.735600
0.205901, -0.555455, 9.998188
0.737414, -0.313640, 10.474632
-0.541090, -0.423774, 10.556034
0.955287, -0.313640, 10.158600
0.203507, 0.565032, 10.805035
0.134075, -0.615310, 10.541672
0.526724, 0.136469, 10.773907
0.177171, -0.885855, 10.984596
-0.031125, -0.237026, 10.438721
0.433351, -0.725443, 10.529701
-0.289698, -0.320823, 11.358093
0.701501, -0.373495, 11.001358
0.143652, 0.418985, 10.589554
0.234632, -0.112527, 10.649410
0.095768, -0.287304, 10.850521
0.165200, -1.517924, 10.922348
0.263362, -0.004788, 10.905590
0.457293, -0.275333, 10.242397
0.074220, 1.113304, 10.625469
0.737414, 0.112527, 10.694901
-0.347159, 0.241814, 10.433933
0.560243, -1.137246, 10.477028
0.155623, 0.074220, 10.613495
0.107739, -0.457293, 10.381260
0.301669, 0.928950, 10.752361
0.335188, -0.019154, 11.106701
0.148441, -0.014365, 10.805035
-0.043096, -0.653617, 10.280704
0.119710, -0.809240, 11.001358
0.596156, -0.141258, 10.242397
0.055067, 0.629675, 10.773907
0.186748, 0.588974, 10.912773
0.320823, -0.239420, 10.005371
0.000000, -0.969652, 10.426750
0.184354, -1.072602, 10.189724
0.294487, -0.047884, 10.412384
0.325611, 0.189142, 10.788273
0.112527, 0.095768, 10.378864
0.349553, 0.189142, 10.584766
-0.011971, -1.137246, 10.479420
0.107739, -0.943316, 10.402805
0.639252, -0.090980, 11.066002
0.126893, 0.579397, 10.931927
0.014365, 0.818817, 10.975021
0.038307, -0.541090, 10.431538
0.248997, -0.541090, 10.067619
0.289698, -0.577003, 10.388443
0.088585, 0.136469, 10.560825
0.524330, 1.173159, 10.680534
0.169988, -0.428562, 10.747574
-0.215478, -0.560243, 9.962273
0.411803, -0.775721, 10.232819
0.035913, -0.435745, 10.524910
0.737414, 0.612916, 10.378864
0.253785, 0.040701, 10.831367
0.246603, -0.337582, 10.510548
0.445322, -0.723049, 10.304646
-0.160412, -0.727837, 10.563217
0.895432, 0.667982, 10.419567
0.026336, 0.416591, 11.161770
-0.201113, -0.600945, 11.168953
0.349553, -0.770933, 10.527306
-0.016759, -0.751779, 10.726025
0.792481, 0.105345, 10.371681
-0.009577, 1.108515, 10.340557
0.361524, -0.023942, 11.262325
0.143652, -1.156399, 10.081985
0.344765, -0.770933, 10.960655
0.493206, -0.375890, 10.939110
0.246603, 1.173159, 10.177753
0.782904, 0.275333, 10.453087
-0.067038, -0.945710, 10.460266
0.591368, -0.756568, 10.462662
0.107739, 0.088585, 10.642227
0.328006, 1.041478, 10.568008
0.634464, 0.028730, 10.840946
-0.490811, -0.881066, 10.237606
1.007959, -0.596156, 9.995792
0.397438, 1.072602, 10.304646
0.366313, 0.883461, 10.453087
0.325611, 0.141258, 10.328587
0.380678, -1.091756, 10.587162
0.512359, -0.766145, 10.235214
0.153229, 0.189142, 10.828976
0.483629, 0.373495, 11.063606
-0.035913, 0.270545, 10.271126
0.220267, -0.627281, 10.177753
1.005565, 0.280122, 9.935936
0.356736, 0.770933, 10.881649
-0.045490, -0.052672, 10.278309
0.742203, -0.191536, 10.206482
0.328006, -1.127669, 10.855312
0.167594, -0.129287, 9.993397
0.648829, 0.938527, 11.262325
-0.318429, -0.462081, 10.333374
0.893037, -0.150835, 9.409214
0.746991, 0.189142, 10.642227
0.016759, 0.105345, 10.903194
0.457293, 0.620098, 9.840168
0.402226, -0.526724, 10.553642
0.462081, -0.940921, 10.508152
0.019154, 0.430956, 10.479420
