0.311246, 1.065420, 11.382034
0.713472, 0.438139, 10.948685
-0.160412, -1.513135, 9.856930
0.076614, 0.588974, 10.393230
0.972046, 0.529119, 11.520901
-0.237026, -1.122880, 10.225636
0.543484, 0.632069, 10.872070
-0.083797, -1.391031, 9.806652
0.378284, 0.653617, 10.579979
0.840365, 0.517148, 11.113884
-0.387861, -1.331176, 10.175358
0.684742, 0.462081, 11.403584
-0.155623, -1.719037, 9.797073
0.181959, 1.271321, 10.417171
0.778116, 0.122104, 11.113884
-0.237026, -1.010353, 10.493786
0.598551, -0.093374, 11.698071
-0.514753, -1.510741, 9.701305
0.543484, 1.228226, 10.568008
0.962469, -0.241814, 10.876858
-0.385466, -1.182736, 10.110714
0.636858, 0.177171, 11.741165
-0.380678, -1.297657, 9.919178
0.524330, 1.266533, 10.697292
0.584185, -0.181959, 10.850521
-0.306458, -0.969652, 10.366894
0.794875, -0.418985, 11.611877
-0.445322, -1.132457, 10.129868
0.632069, 1.515530, 10.699688
0.409409, -0.294487, 10.498573
-0.093374, -0.890643, 10.398018
0.725443, -0.361524, 12.071568
-0.469264, -0.873884, 9.902420
0.866701, 1.362301, 10.850521
0.373495, -0.632069, 10.479420
-0.378284, -0.948104, 10.400414
0.919374, 0.002394, 11.614273
-0.407014, -0.931345, 9.682152
0.967257, 1.235408, 10.848129
0.215478, -0.794875, 10.441113
-0.251391, -0.502782, 10.165779
1.003170, -0.351948, 11.549629
-0.347159, -0.732626, 10.323799
1.055843, 1.323994, 11.013329
0.026336, -0.821211, 10.144234
-0.186748, -0.313640, 10.321404
0.763750, -0.445322, 11.432312
-0.311246, -0.071826, 10.129868
0.945710, 0.828394, 10.984596
-0.088585, -1.151611, 10.158600
-0.055067, -0.222661, 10.680534
0.912191, -0.158017, 10.991779
-0.201113, -0.038307, 10.146626
0.890643, 0.821211, 11.398796
-0.248997, -1.431733, 10.436325
0.177171, 0.330400, 10.433933
0.493206, -0.450110, 10.611103
-0.047884, -0.067038, 10.508152
1.055843, 0.806846, 11.623852
-0.421380, -1.568202, 9.868900
0.311246, 0.574608, 10.443508
0.572214, -0.342371, 10.850521
0.088585, 0.428562, 10.101139
0.931345, 0.514753, 11.331757
-0.797269, -1.678336, 9.821014
0.641646, 0.610522, 10.793060
0.550666, -0.414197, 10.072407
-0.129287, 0.703895, 10.038887
1.108515, 0.079009, 11.602303
-0.751779, -1.553837, 10.017342
0.857124, 0.936133, 10.670959
0.153229, -0.282516, 10.017342
0.399832, 0.414197, 10.366894
0.993594, -0.023942, 11.499352
-0.742203, -1.601721, 9.742008
0.711078, 1.106121, 10.682930
0.227449, -0.471658, 10.053253
0.629675, 0.682348, 10.103531
0.632069, -0.383072, 10.697292
-0.296881, -1.443704, 9.789890
0.763750, 1.189919, 11.106701
0.256180, -0.636858, 9.667786
0.222661, 0.814029, 9.979034
0.742203, -0.495600, 11.240776
-0.632069, -1.177948, 9.928757
0.794875, 1.268927, 11.109097
-0.052672, -0.577003, 9.955090
0.533907, 0.526724, 10.383652
0.746991, -0.885855, 11.051636
-0.737414, -0.814029, 9.516953
1.058237, 1.280898, 11.305420
-0.007183, -0.806846, 9.921574
0.433351, 0.773327, 10.208878
0.418985, -0.852336, 10.754753
-0.486023, -0.423774, 9.983822
1.113304, 1.012747, 11.329365
-0.229843, -1.096544, 9.830593
0.593762, 0.792481, 10.165779
0.174777, -1.019930, 10.508152
-0.244209, -0.268151, 10.292675
0.876278, 1.034295, 11.449074
-0.275333, -1.060631, 10.180145
0.682348, 0.636858, 10.673351
0.090980, -1.335965, 10.479420
-0.162806, 0.450110, 10.371681
0.869095, 0.232238, 11.446678
-0.263362, -1.134851, 10.153809
0.445322, 0.675165, 11.051636
-0.047884, -1.199495, 9.880871
-0.428562, -1.182736, 10.544064
0.651223, 0.610522, 11.085155
-0.205901, -1.386243, 9.737217
0.158017, 0.845153, 10.692505
0.828394, -0.004788, 11.111492
-0.521936, -1.094150, 10.448296
0.790087, 0.454898, 11.437103
-0.500388, -1.534683, 10.048466
0.560243, 1.276110, 10.647015
0.682348, -0.004788, 11.022903
-0.442927, -1.185130, 10.455479
0.742203, 0.280122, 12.052414
-0.579397, -1.137246, 9.607933
0.687136, 1.362301, 10.663776
0.507571, -0.421380, 10.745178
-0.311246, -1.106121, 10.618286
0.782904, 0.253785, 11.573570
-0.572214, -1.264139, 9.514557
0.598551, 1.295263, 11.073185
0.593762, -0.407014, 10.958263
-0.600945, -1.237803, 10.079590
0.869095, 1.393425, 10.989388
0.445322, -0.663194, 10.378864
-0.445322, -0.921768, 10.402805
1.055843, 0.086191, 12.375629
-0.639252, -0.993594, 9.710884
0.979228, 1.465251, 10.919956
0.138864, -0.799664, 10.357319
-0.222661, -0.890643, 10.493786
1.019930, -0.124499, 11.477802
-0.694319, -0.852336, 9.708488
1.201890, 1.139640, 11.219231
0.076614, -1.019930, 10.091560
-0.229843, -0.404620, 10.175358
0.919374, -0.158017, 11.858482
-0.545878, -0.735020, 10.220848
1.331176, 0.943316, 11.192894
-0.241814, -0.938527, 9.854534
-0.026336, -0.160412, 10.381260
0.890643, -0.055067, 11.595119
-0.409409, -0.301669, 9.890450
1.067814, 0.921768, 11.338940
-0.074220, -1.146822, 10.034100
0.191536, -0.009577, 10.508152
0.881066, -0.282516, 11.113884
-0.665588, -0.294487, 10.359711
1.359907, 0.553061, 11.638214
-0.387861, -1.259350, 10.290279
0.141258, 0.289698, 10.498573
0.644040, -0.062249, 10.793060
-0.083797, -0.296881, 10.575188
1.204284, 0.476446, 11.623852
-0.833182, -1.436521, 9.962273
0.665588, 0.584185, 10.929531
0.553061, -0.390255, 10.551247
-0.062249, 0.043096, 10.326191
0.988805, 0.603339, 11.623852
-0.605733, -1.472434, 9.991005
0.632069, 0.694319, 10.771515
0.385466, -0.284910, 9.962273
0.095768, 0.275333, 10.673351
1.120486, 0.050278, 11.762714
-0.821211, -1.462857, 10.280704
0.691924, 0.928950, 10.805035
0.253785, -0.098162, 9.998188
0.414197, 0.196325, 10.134655
1.024718, 0.210690, 11.791443
-0.802058, -1.690307, 10.058041
0.995988, 1.345541, 11.145008
0.227449, -0.644040, 9.627087
0.268151, 0.500388, 10.172962
0.895432, 0.016759, 11.549629
-0.696713, -1.465251, 9.651028
1.015141, 1.249774, 11.468227
-0.009577, -0.560243, 9.449913
0.486023, 0.842759, 10.031704
0.826000, -0.586579, 11.058819
-0.770933, -1.438915, 9.957485
1.077391, 1.211466, 11.348518
-0.198719, -0.407014, 9.979034
0.397438, 0.591368, 10.491394
0.622493, -0.895432, 11.346123
-0.677559, -0.893037, 9.660603
1.189919, 1.247379, 11.274296
-0.158017, -0.591368, 9.835381
0.548272, 0.541090, 10.417171
0.402226, -0.754174, 11.006145
-0.691924, -0.902614, 9.794678
1.132457, 1.252168, 11.566391
-0.134075, -0.754174, 9.555260
0.751779, 0.663194, 10.280704
0.134075, -1.235408, 10.630257
-0.524330, -0.581791, 10.043678
1.142034, 1.127669, 11.334152
-0.232238, -0.756568, 9.507374
0.521936, 0.725443, 10.491394
0.148441, -1.331176, 10.728420
-0.378284, 0.074220, 10.022129
1.115698, 0.622493, 11.276691
-0.351948, -0.725443, 9.911995
0.854730, 0.581791, 10.778698
0.074220, -1.072602, 10.141838
-0.397438, 0.237026, 10.211269
1.027112, 0.579397, 11.626244
-0.237026, -0.723049, 10.153809
0.629675, 0.416591, 10.730812
-0.203507, -1.240197, 10.199299
0.088585, 0.268151, 10.721237
1.063025, 0.457293, 11.061214
-0.529119, -0.835577, 9.964668
0.660800, 0.421380, 11.046848
-0.172383, -1.235408, 9.962273
0.198719, 0.612916, 10.249577
0.737414, 0.241814, 11.233597
-0.366313, -1.036689, 10.206482
0.792481, 0.260968, 11.554417
-0.471658, -1.261744, 9.639057
0.155623, 0.883461, 10.852917
0.830788, -0.102951, 11.145008
-0.296881, -0.852336, 10.352528
0.682348, 0.203507, 11.262325
-0.591368, -1.201890, 9.792286
0.677559, 1.060631, 10.977417
0.689530, -0.215478, 10.790668
-0.562637, -0.746991, 10.242397
0.780510, 0.009577, 11.705254
-0.586579, -1.122880, 10.048466
0.584185, 1.034295, 10.560825
0.507571, -0.270545, 10.857704
-0.306458, -0.938527, 10.216061
0.861913, -0.122104, 11.939884
-0.612916, -0.919374, 9.689335
0.598551, 1.316811, 11.176136
0.445322, -0.553061, 10.864887
-0.265756, -0.905008, 10.429142
0.859519, -0.007183, 11.583149
-0.526724, -0.871490, 9.696518
0.964863, 1.089362, 10.589554
0.497994, -0.687136, 10.594341
-0.543484, -0.646435, 10.105927
0.945710, -0.016759, 11.793839
-0.375890, -0.916979, 10.122684
0.768539, 1.154005, 10.773907
0.316035, -0.792481, 10.694901
-0.299275, -0.447716, 10.304646
0.905008, -0.368707, 11.774685
-0.368707, -0.648829, 9.967064
1.039083, 1.127669, 10.723629
0.191536, -1.094150, 10.345345
-0.296881, -0.354342, 10.776302
0.780510, -0.268151, 11.259930
-0.330400, -0.138864, 9.967064
1.194707, 0.763750, 10.958263
-0.158017, -1.134851, 10.247185
0.045490, -0.002394, 10.419567
0.677559, -0.241814, 10.831367
-0.014365, -0.220267, 10.091560
1.027112, 0.763750, 11.279083
-0.299275, -1.252168, 9.904812
0.313640, 0.155623, 10.862495
0.519542, -0.624887, 11.104309
-0.014365, 0.083797, 10.448296
1.094150, 0.766145, 11.221622
-0.507571, -1.189919, 9.775524
0.344765, 0.270545, 10.730812
0.735020, -0.201113, 10.694901
-0.016759, 0.122104, 10.201694
1.053449, 0.543484, 11.360489
-0.708684, -1.541866, 10.156204
0.799664, 0.718261, 10.776302
0.316035, -0.428562, 10.175358
0.055067, 0.275333, 10.426750
1.091756, 0.277727, 11.722012
-0.842759, -1.388637, 9.576809
0.871490, 0.672771, 10.733208
0.208296, -0.507571, 10.299858
0.541090, 0.356736, 10.450691
1.007959, 0.062249, 11.080368
-0.806846, -1.400608, 9.483433
0.945710, 0.907403, 11.360489
0.215478, -0.272939, 10.002975
0.371101, 0.584185, 10.160992
0.715866, -0.076614, 11.085155
-0.433351, -1.414973, 9.957485
1.012747, 1.357512, 10.826580
-0.079009, -0.512359, 9.636662
0.565032, 0.435745, 10.319012
0.888249, -0.392649, 11.355698
-0.720655, -1.070208, 9.363724
0.969652, 1.345541, 10.869675
0.050278, -0.579397, 9.878475
0.553061, 0.605733, 10.342953
0.696713, -0.495600, 10.812214
-0.806846, -0.991199, 9.651028
1.362301, 1.089362, 11.360489
-0.167594, -0.711078, 9.651028
0.414197, 0.713472, 10.168175
0.462081, -0.725443, 10.783485
-0.442927, -0.725443, 10.168175
1.371878, 1.187524, 11.245567
-0.402226, -0.624887, 9.557655
0.746991, 0.593762, 10.443508
0.239420, -0.828394, 10.699688
-0.395043, -0.486023, 10.074802
0.993594, 1.127669, 11.209652
-0.146046, -1.103727, 9.955090
0.691924, 0.454898, 10.972626
-0.047884, -1.051054, 10.359711
-0.244209, 0.045490, 10.486603
1.072602, 0.703895, 11.494564
-0.311246, -1.096544, 9.765949
0.454898, 0.916979, 10.788273
0.052672, -1.271321, 10.070011
0.009577, 0.232238, 10.656593
1.113304, 0.533907, 11.231201
-0.526724, -0.799664, 9.825806
0.809240, 0.373495, 11.051636
-0.220267, -1.256956, 10.029312
0.105345, 0.502782, 10.678139
0.833182, 0.500388, 11.235989
-0.509965, -0.995988, 9.991005
0.833182, 0.435745, 11.453861
-0.351948, -1.331176, 9.634270
0.404620, 0.900220, 10.481815
1.146822, 0.086191, 11.027695
-0.804452, -1.060631, 10.153809
0.804452, 0.339977, 11.382034
-0.541090, -1.063025, 9.514557
0.562637, 0.826000, 10.663776
0.706290, 0.014365, 11.073185
-0.519542, -1.031901, 10.012550
0.905008, 0.196325, 11.463440
-0.579397, -1.237803, 9.746796
0.562637, 0.962469, 10.747574
0.629675, -0.134075, 10.706871
-0.375890, -1.280898, 10.175358
0.665588, 0.004788, 11.683704
-0.514753, -0.988805, 9.660603
0.620098, 1.168370, 10.843342
0.481235, -0.667982, 10.766727
-0.407014, -0.909797, 10.577583
0.849942, 0.100556, 11.683704
-0.689530, -0.756568, 9.651028
0.847548, 0.768539, 10.666168
0.359130, -0.435745, 10.828976
-0.263362, -0.871490, 10.213665
0.921768, 0.129287, 11.480198
-0.617704, -0.826000, 9.847351
1.106121, 0.962469, 10.943897
0.002394, -0.538695, 10.091560
-0.260968, -0.639252, 10.292675
0.919374, -0.165200, 11.683704
-0.320823, -0.474052, 9.694122
1.182736, 0.854730, 10.654198
-0.081403, -0.763750, 10.065224
-0.067038, -0.502782, 10.764332
0.823606, -0.009577, 11.039665
-0.277727, -0.105345, 9.998188
1.055843, 0.648829, 11.013329
-0.040701, -0.998382, 10.223244
0.150835, 0.052672, 10.266338
0.639252, -0.339977, 11.042061
-0.136469, -0.220267, 10.256760
1.221043, 0.577003, 10.998962
-0.232238, -0.885855, 10.031704
-0.239420, 0.045490, 10.630257
0.902614, -0.208296, 11.238384
-0.045490, 0.148441, 10.194511
1.189919, 0.385466, 11.382034
-0.679953, -0.945710, 9.832989
0.474052, 0.155623, 10.840946
0.670377, -0.146046, 10.443508
-0.306458, 0.076614, 10.472240
1.197101, 0.486023, 11.683704
-0.718261, -1.187524, 9.861717
0.723049, 0.517148, 10.491394
0.368707, -0.318429, 10.362106
0.208296, 0.433351, 10.469845
1.288081, 0.237026, 11.664551
-0.979228, -1.132457, 9.576809
0.864307, 0.821211, 10.599133
0.533907, -0.399832, 10.067619
0.438139, 0.533907, 10.096348
0.988805, 0.043096, 11.317390
-0.665588, -1.225832, 9.967064
0.948104, 1.012747, 10.946289
0.356736, -0.677559, 9.911995
0.059855, 0.849942, 10.093956
1.154005, -0.222661, 11.267113
-0.696713, -1.101333, 9.840168
0.974440, 0.869095, 10.726025
0.237026, -0.217872, 10.228031
0.507571, 0.533907, 9.883266
0.883461, -0.517148, 10.960655
-0.766145, -1.036689, 9.847351
1.154005, 1.216255, 11.092339
0.062249, -0.536301, 9.777920
0.426168, 0.715866, 10.139446
0.653617, -0.830788, 10.627861
-0.471658, -0.596156, 9.720459
1.142034, 0.756568, 11.077972
-0.045490, -0.586579, 9.828197
0.426168, 0.847548, 10.352528
0.392649, -1.113304, 10.785881
-0.445322, -0.423774, 10.510548
0.940921, 0.948104, 11.030087
-0.064643, -0.363919, 9.756371
0.629675, 0.521936, 10.223244
0.181959, -0.984017, 10.915165
-0.318429, -0.143652, 9.979034
1.091756, 0.809240, 11.444286
-0.052672, -1.003170, 9.758766
0.486023, 0.584185, 10.419567
0.160412, -0.986411, 10.544064
-0.325611, 0.169988, 10.295067
1.072602, 0.392649, 11.245567
-0.328006, -0.596156, 10.050858
0.617704, 0.634464, 10.697292
-0.172383, -1.419762, 10.134655
-0.110133, 0.426168, 10.658985
1.113304, 0.110133, 11.310211
-0.404620, -0.579397, 9.907207
0.806846, 0.196325, 10.721237
-0.304064, -1.319205, 10.029312
0.282516, 0.761356, 10.450691
0.768539, 0.169988, 10.824188
-0.416591, -0.746991, 10.213665
0.634464, 0.191536, 11.319786
-0.328006, -1.149217, 9.598354
0.356736, 0.691924, 10.496181
0.739808, -0.153229, 11.142616
-0.450110, -0.988805, 10.611103
0.672771, 0.153229, 11.331757
-0.548272, -1.142034, 9.718063
0.239420, 0.876278, 11.224018
0.806846, -0.308852, 10.922348
-0.474052, -0.675165, 10.335770
0.766145, 0.064643, 11.631031
-0.718261, -1.357512, 9.859322
0.790087, 1.170764, 10.625469
0.509965, -0.471658, 10.488998
-0.577003, -0.976834, 10.450691
1.003170, -0.064643, 12.059593
-0.732626, -0.943316, 9.533710
0.653617, 1.259350, 10.795456
0.275333, -0.545878, 10.752361
-0.289698, -0.940921, 10.872070
0.895432, -0.059855, 11.731590
-0.957681, -0.960075, 9.957485
0.957681, 1.015141, 11.104309
0.351948, -0.636858, 10.515335
-0.385466, -0.854730, 10.254368
0.854730, -0.043096, 11.626244
-0.663194, -0.737414, 10.103531
1.244985, 1.000776, 10.936714
-0.131681, -0.610522, 10.093956
-0.392649, -0.833182, 10.347740
1.029507, -0.122104, 12.018894
-0.660800, -0.665588, 9.909603
1.029507, 0.864307, 10.807426
0.016759, -0.940921, 10.263943
-0.165200, -0.462081, 10.565613
0.864307, -0.234632, 11.331757
-0.689530, -0.383072, 10.362106
1.352724, 0.852336, 11.707645
-0.407014, -1.209072, 10.216061
-0.191536, 0.035913, 10.589554
0.730232, -0.344765, 10.986992
-0.351948, -0.105345, 10.307037
1.482011, 0.608127, 11.329365
-0.754174, -0.902614, 9.809044
0.304064, 0.062249, 10.618286
0.711078, -0.253785, 11.257538
-0.184354, -0.102951, 10.484211
1.146822, 0.780510, 11.494564
-0.687136, -1.297657, 9.782707
0.459687, 0.043096, 10.998962
0.442927, -0.292093, 10.505756
-0.076614, 0.208296, 10.146626
1.273715, 0.344765, 11.477802
-0.754174, -1.187524, 10.180145
0.560243, 0.476446, 10.568008
0.517148, 0.047884, 10.658985
0.093374, 0.052672, 10.814610
1.077391, 0.349553, 11.839329
-0.770933, -1.283292, 9.710884
0.706290, 0.890643, 10.888828
0.414197, -0.572214, 10.208878
0.014365, 0.387861, 10.548855
1.146822, 0.181959, 11.492168
-0.821211, -1.242591, 10.046070
0.828394, 0.718261, 11.219231
0.248997, -0.102951, 9.981426
0.284910, 0.598551, 10.309433
1.163582, -0.318429, 11.475410
-0.952892, -1.333570, 9.986217
1.098938, 0.895432, 11.216835
-0.090980, -0.153229, 9.828197
0.567426, 0.407014, 10.163387
0.914585, -0.320823, 11.652580
-0.706290, -1.103727, 9.718063
1.156399, 1.125275, 11.135433
-0.095768, -0.287304, 9.756371
0.526724, 0.560243, 10.287884
0.773327, -0.208296, 10.994175
-0.725443, -1.046266, 9.428368
1.120486, 0.940921, 11.288662
0.150835, -0.430956, 9.758766
0.356736, 0.809240, 9.828197
0.890643, -0.711078, 10.934319
-0.780510, -0.871490, 10.046070
1.367089, 1.034295, 11.283875
-0.203507, -0.339977, 9.430759
0.387861, 0.797269, 10.019733
0.756568, -0.931345, 11.180923
-0.605733, -0.311246, 9.751583
1.125275, 0.720655, 11.276691
-0.201113, -0.581791, 9.825806
0.646435, 0.550666, 10.419567
0.380678, -0.864307, 10.517727
-0.627281, -0.122104, 9.682152
1.300052, 0.514753, 11.343727
-0.052672, -0.541090, 9.849747
0.505177, 0.483629, 10.479420
0.043096, -1.108515, 10.235214
-0.124499, 0.069432, 10.527306
1.218649, -1.197101, 10.539276
0.967257, 0.746991, 10.888828
-0.411803, -0.608127, 9.971851
0.907403, 0.138864, 11.156982
-0.299275, -0.993594, 9.809044
-0.019154, 0.632069, 10.292675
1.192313, 0.193930, 11.207260
-0.438139, -1.082179, 10.091560
0.802058, 0.495600, 10.879253
-0.411803, -1.158793, 9.636662
0.538695, 0.811635, 10.474632
1.048660, 0.105345, 11.125854
-0.890643, -0.737414, 10.168175
0.790087, 0.045490, 11.575966
-0.284910, -1.297657, 9.883266
0.301669, 1.029507, 10.690113
0.936133, -0.124499, 11.159374
-0.665588, -0.921768, 10.084377
1.029507, -0.158017, 11.678917
-0.842759, -0.814029, 9.581596
0.368707, 1.065420, 10.857704
0.770933, -0.172383, 10.898407
-0.555455, -1.256956, 10.474632
0.905008, 0.134075, 11.609486
-0.852336, -1.106121, 9.488220
0.790087, 0.914585, 10.919956
0.644040, -0.620098, 10.831367
-0.658406, -0.869095, 10.220848
1.000776, 0.052672, 11.597515
-0.852336, -0.914585, 9.871296
0.746991, 0.967257, 11.003750
0.268151, -0.435745, 10.824188
-0.416591, -0.758962, 10.153809
1.063025, -0.390255, 11.906364
-0.778116, -0.694319, 9.670181
0.924162, 0.943316, 10.967838
0.263362, -0.802058, 10.342953
-0.450110, -0.651223, 10.244789
1.077391, -0.105345, 11.571178
-0.670377, -0.246603, 9.947910
0.924162, 0.691924, 10.749966
0.019154, -0.866701, 10.599133
-0.308852, -0.407014, 10.438721
0.931345, -0.213084, 11.125854
-0.375890, -0.354342, 9.935936
1.189919, 0.562637, 10.721237
-0.146046, -1.017536, 10.278309
-0.165200, -0.177171, 10.216061
0.775721, -0.339977, 11.676521
-0.289698, -0.124499, 10.242397
1.158793, 0.842759, 10.790668
-0.368707, -1.132457, 9.935936
-0.045490, 0.069432, 10.623074
0.905008, -0.428562, 10.994175
0.062249, 0.596156, 9.078812
1.043872, 0.490811, 10.149021
-0.196325, -1.055843, 9.957485
0.632069, 1.805228, 9.727642
-1.470040, -2.451663, 13.936649
1.053449, -0.981623, 12.169727
1.807622, 3.251327, 12.423515
-1.474828, -5.499481, 14.089878
-0.641646, 0.325611, 12.196064
0.976834, 1.697489, 6.143522
-0.232238, 1.259350, 9.220070
1.319205, -1.443704, 11.695675
-1.376666, 0.555455, 9.179371
1.563414, 0.660800, 9.916782
0.196325, -1.877054, 10.687717
1.355118, 0.648829, 10.053253
0.251391, 0.876278, 11.137829
-0.304064, -1.493982, 9.801861
1.237803, 1.233014, 9.871296
0.028730, -0.181959, 10.256760
0.438139, -0.227449, 10.319012
0.330400, 0.244209, 11.607090
0.222661, -1.707066, 9.485828
0.294487, 1.644817, 10.876858
0.634464, -0.687136, 10.189724
0.519542, 0.656011, 9.974243
0.409409, -0.782904, 10.996571
-0.213084, -0.672771, 9.789890
0.830788, 1.043872, 11.001358
0.378284, -0.150835, 9.696518
0.490811, 0.296881, 9.375694
0.114922, -0.500388, 10.927135
0.105345, -0.289698, 9.794678
0.864307, 1.142034, 11.032482
0.201113, -0.488417, 10.038887
0.612916, 0.349553, 10.441113
-0.011971, -0.359130, 10.448296
0.184354, -0.248997, 10.280704
0.802058, 0.861913, 11.403584
-0.014365, -0.584185, 10.524910
0.603339, -0.102951, 10.869675
-0.258574, -0.802058, 10.017342
0.603339, 0.114922, 10.110714
0.746991, 0.763750, 11.111492
-0.081403, -1.448492, 9.971851
0.399832, 0.371101, 11.070789
-0.335188, -0.746991, 9.964668
0.509965, 0.430956, 10.228031
0.538695, 0.248997, 11.159374
-0.083797, -1.331176, 10.081985
0.395043, 0.397438, 11.528084
-0.167594, -0.787692, 9.957485
0.296881, 0.701501, 10.151417
0.708684, 0.071826, 11.279083
-0.162806, -1.189919, 9.933544
0.486023, 0.246603, 11.935097
-0.361524, -0.586579, 10.268730
0.502782, 0.588974, 10.541672
0.560243, 0.146046, 11.171345
-0.375890, -1.414973, 9.732430
0.634464, 0.387861, 11.765106
-0.335188, -0.497994, 10.050858
0.584185, 0.639252, 10.204086
0.332794, -0.141258, 11.003750
-0.167594, -1.517924, 9.916782
0.639252, 0.416591, 11.774685
-0.191536, -0.799664, 10.153809
0.519542, 0.553061, 10.302250
0.385466, -0.294487, 10.862495
-0.138864, -1.486799, 9.698910
0.462081, 0.445322, 12.021286
-0.241814, -0.859519, 10.283096
0.574608, 0.660800, 10.479420
0.222661, -0.328006, 11.152191
-0.325611, -1.237803, 9.696518
0.603339, 0.562637, 11.817780
0.047884, -0.569820, 10.127472
0.538695, 0.691924, 10.611103
0.086191, -0.459687, 11.015724
-0.186748, -0.909797, 9.739613
0.512359, 0.459687, 11.271904
-0.162806, -0.569820, 10.204086
0.675165, 0.565032, 10.953472
-0.035913, -0.610522, 10.620678
0.009577, -0.763750, 9.976639
0.435745, 0.385466, 11.075577
0.129287, -0.402226, 10.211269
0.584185, 0.426168, 11.394005
-0.445322, -0.950498, 10.527306
0.083797, -0.713472, 10.309433
0.459687, 0.555455, 10.759544
0.153229, -0.471658, 9.816227
0.746991, 0.421380, 11.676521
-0.395043, -1.065420, 10.436325
0.325611, 0.067038, 10.048466
0.311246, 0.244209, 10.568008
0.241814, -0.416591, 9.830593
0.773327, 0.598551, 11.492168
-0.282516, -1.122880, 10.029312
0.229843, 0.090980, 10.084377
0.543484, 0.239420, 10.510548
0.354342, 0.021548, 9.454704
0.653617, 0.270545, 11.748348
-0.495600, -1.012747, 10.433933
0.380678, 0.414197, 10.536880
0.627281, 0.179565, 10.120293
0.232238, -0.172383, 9.246407
0.866701, 0.251391, 11.599907
-0.311246, -1.182736, 9.880871
0.469264, 0.500388, 10.534489
0.296881, 0.102951, 10.228031
0.452504, -0.007183, 9.481041
0.694319, 0.074220, 11.133038
-0.229843, -1.261744, 9.806652
0.545878, 0.708684, 10.864887
0.596156, -0.055067, 10.304646
0.433351, 0.071826, 8.987835
0.462081, -0.011971, 11.142616
-0.107739, -0.881066, 9.725246
0.689530, 0.869095, 10.872070
0.380678, -0.165200, 10.196907
0.311246, -0.052672, 9.181763
0.430956, 0.282516, 11.458649
-0.026336, -1.015141, 9.478645
0.574608, 0.988805, 11.283875
0.560243, -0.383072, 10.398018
0.201113, 0.169988, 9.248802
0.495600, 0.004788, 10.900803
-0.102951, -0.802058, 9.739613
0.682348, 0.897826, 11.346123
0.538695, -0.543484, 10.256760
0.337582, 0.205901, 9.512165
0.265756, -0.189142, 10.848129
0.088585, -0.459687, 9.919178
0.663194, 0.706290, 11.415554
0.306458, -0.725443, 10.510548
0.411803, 0.114922, 10.060436
0.155623, -0.129287, 10.680534
0.225055, -0.332794, 10.000580
0.584185, 0.490811, 11.540054
0.241814, -0.555455, 10.493786
0.469264, 0.110133, 10.240002
-0.035913, -0.320823, 10.340557
0.201113, -0.014365, 9.914391
0.711078, 0.533907, 11.427525
0.210690, -1.070208, 10.302250
0.344765, 0.217872, 10.613495
0.000000, -0.483629, 10.242397
0.390255, 0.227449, 10.007763
0.644040, 0.301669, 11.415554
-0.045490, -1.156399, 10.453087
0.538695, 0.335188, 11.563995
-0.122104, -0.715866, 10.170570
0.277727, 0.411803, 10.208878
0.670377, 0.280122, 11.384430
-0.205901, -1.034295, 10.259155
0.541090, 0.184354, 11.671734
-0.450110, -0.778116, 9.971851
0.603339, 0.746991, 10.271126
0.555455, 0.282516, 11.209652
-0.193930, -1.426944, 10.065224
0.545878, 0.421380, 11.803413
-0.225055, -0.670377, 10.019733
0.610522, 0.773327, 10.266338
0.421380, -0.062249, 11.372459
-0.177171, -1.283292, 10.225636
0.536301, 0.265756, 12.040440
-0.234632, -0.806846, 10.192116
0.418985, 0.756568, 10.328587
0.428562, -0.162806, 11.463440
-0.169988, -1.388637, 10.098743
0.435745, 0.363919, 12.222401
-0.280122, -0.828394, 9.938332
0.620098, 0.888249, 10.443508
0.287304, -0.251391, 11.073185
-0.237026, -1.582567, 9.730038
0.629675, 0.512359, 11.942280
-0.064643, -0.869095, 9.878475
0.574608, 0.900220, 10.421959
0.177171, -0.548272, 10.965443
-0.136469, -1.082179, 9.914391
0.459687, 0.366313, 11.920731
-0.193930, -0.835577, 10.218452
0.687136, 0.677559, 10.747574
0.198719, -0.466869, 11.092339
-0.134075, -1.180342, 9.859322
0.433351, 0.363919, 11.681313
0.014365, -0.493206, 10.249577
0.624887, 0.787692, 10.663776
-0.105345, -0.696713, 10.781090
-0.019154, -0.876278, 9.866505
0.447716, 0.426168, 11.370064
0.136469, -0.675165, 10.122684
0.471658, 0.579397, 10.867283
0.007183, -0.754174, 10.788273
0.045490, -0.514753, 9.938332
0.316035, 0.301669, 11.286266
0.079009, -0.711078, 10.517727
0.746991, 0.756568, 11.262325
-0.320823, -0.950498, 10.309433
0.198719, -0.351948, 10.237606
0.270545, 0.304064, 10.958263
0.349553, -0.557849, 10.089165
0.667982, 0.746991, 11.336544
-0.505177, -1.182736, 10.378864
0.325611, -0.098162, 10.261551
0.363919, 0.124499, 10.438721
0.296881, -0.330400, 9.706093
0.821211, 0.407014, 11.532871
-0.387861, -1.065420, 10.230423
0.325611, 0.158017, 10.177753
0.184354, 0.110133, 10.314220
0.474052, -0.179565, 9.931149
0.787692, 0.553061, 11.408371
-0.464475, -1.436521, 10.031704
0.301669, 0.380678, 10.793060
0.440533, 0.093374, 10.268730
0.390255, -0.079009, 9.303867
0.730232, 0.349553, 11.425133
-0.423774, -1.252168, 9.897629
0.620098, 0.797269, 10.845734
0.282516, -0.083797, 9.983822
0.313640, -0.043096, 8.872913
0.814029, 0.493206, 11.461044
-0.304064, -1.479617, 9.306263
0.586579, 0.881066, 11.025299
0.222661, -0.153229, 10.611103
0.414197, 0.124499, 9.253590
0.593762, 0.136469, 11.219231
-0.411803, -1.572990, 9.619904
0.684742, 0.984017, 11.140221
0.497994, -0.222661, 10.453087
0.330400, 0.062249, 9.157822
0.332794, 0.067038, 11.037270
-0.136469, -1.161188, 9.643845
0.593762, 1.168370, 10.886436
0.330400, -0.344765, 9.907207
0.541090, -0.007183, 9.476250
0.296881, -0.016759, 10.972626
0.095768, -1.039083, 9.430759
0.593762, 1.082179, 11.183315
0.452504, -0.244209, 10.105927
0.469264, 0.019154, 9.540894
0.229843, -0.229843, 10.747574
-0.055067, -0.826000, 9.777920
0.725443, 1.182736, 11.523293
0.387861, -0.667982, 10.120293
0.469264, 0.210690, 9.619904
0.165200, -0.177171, 10.716446
0.253785, -0.433351, 9.425972
0.720655, 1.101333, 11.106701
0.193930, -0.780510, 10.213665
0.550666, 0.110133, 10.319012
0.181959, -0.354342, 10.086773
0.280122, -0.320823, 9.536106
0.679953, 0.948104, 11.379642
0.150835, -0.799664, 10.429142
0.426168, 0.059855, 10.723629
-0.081403, -0.462081, 10.072407
0.500388, -0.007183, 9.859322
0.835577, 0.814029, 11.010933
-0.026336, -1.161188, 10.196907
0.392649, 0.028730, 11.324574
-0.114922, -0.418985, 10.144234
0.488417, 0.158017, 9.816227
0.639252, 0.679953, 11.245567
-0.031125, -1.122880, 10.486603
0.541090, 0.038307, 11.235989
-0.076614, -0.646435, 9.763554
0.356736, 0.289698, 9.840168
0.742203, 0.509965, 11.255142
-0.107739, -1.223437, 10.400414
0.435745, 0.102951, 11.798626
-0.282516, -0.672771, 10.053253
0.548272, 0.519542, 10.074802
0.672771, 0.390255, 11.238384
-0.270545, -1.572990, 10.019733
0.553061, 0.258574, 12.109875
-0.268151, -0.562637, 9.854534
0.395043, 0.715866, 10.098743
0.533907, 0.193930, 11.319786
-0.208296, -1.276110, 9.880871
0.593762, 0.165200, 11.942280
-0.292093, -0.833182, 10.019733
0.452504, 0.696713, 10.139446
0.572214, 0.665588, 10.077194
0.356736, -0.256180, 11.197681
-0.373495, -1.419762, 9.818623
0.493206, 0.373495, 12.160152
0.107739, -0.684742, 10.354923
0.414197, 0.727837, 10.175358
0.323217, -0.366313, 11.027695
-0.289698, -1.101333, 9.636662
0.272939, 0.263362, 11.805809
0.016759, -0.725443, 10.433933
0.773327, 0.699107, 10.443508
0.181959, -0.514753, 10.726025
-0.119710, -1.010353, 9.607933
0.349553, 0.397438, 11.525688
0.237026, -0.502782, 10.266338
0.667982, 0.713472, 10.852917
-0.225055, -0.823606, 10.424355
0.064643, -0.924162, 10.400414
0.318429, 0.387861, 11.111492
0.296881, -0.598551, 10.230423
0.677559, 0.646435, 11.283875
-0.198719, -0.933739, 10.340557
0.169988, -0.217872, 9.979034
0.308852, 0.131681, 11.121067
0.344765, -0.339977, 10.259155
0.730232, 0.565032, 11.077972
-0.368707, -1.036689, 10.024525
0.105345, -0.208296, 9.911995
0.469264, 0.263362, 10.840946
0.483629, -0.232238, 9.895237
0.495600, 0.368707, 11.350910
-0.265756, -1.096544, 10.419567
0.201113, 0.177171, 10.146626
0.500388, 0.074220, 10.398018
0.301669, -0.304064, 9.641449
0.670377, 0.325611, 11.616669
-0.299275, -1.230620, 9.809044
0.371101, 0.517148, 10.560825
0.174777, 0.102951, 10.400414
0.572214, -0.203507, 9.409214
0.629675, 0.222661, 11.176136
-0.344765, -1.374272, 9.794678
0.457293, 0.730232, 10.735600
0.335188, 0.002394, 10.369289
0.380678, 0.028730, 8.999805
0.488417, 0.009577, 11.140221
-0.241814, -1.010353, 9.643845
0.553061, 0.986411, 10.527306
0.196325, -0.126893, 10.457874
0.452504, -0.193930, 9.385269
0.390255, 0.227449, 11.336544
0.023942, -1.192313, 9.459492
0.428562, 1.199495, 10.766727
0.433351, -0.270545, 10.486603
0.323217, 0.107739, 9.155426
0.356736, -0.138864, 11.042061
-0.117316, -0.957681, 9.655815
0.596156, 1.077391, 10.994175
0.557849, -0.390255, 10.050858
0.253785, 0.198719, 9.251194
0.277727, -0.167594, 10.915165
0.062249, -0.742203, 9.452309
0.732626, 1.149217, 10.912773
0.227449, -0.696713, 10.500969
0.476446, -0.028730, 10.120293
0.172383, -0.366313, 10.469845
0.193930, -0.636858, 9.634270
0.687136, 1.187524, 11.379642
0.311246, -0.624887, 10.474632
0.440533, 0.067038, 10.259155
-0.102951, -0.572214, 10.187328
0.332794, -0.198719, 9.792286
0.852336, 1.122880, 10.726025
0.074220, -0.835577, 10.278309
0.562637, -0.043096, 10.390835
-0.131681, -0.363919, 10.386047
0.615310, -0.050278, 9.543289
0.629675, 1.058237, 11.137829
-0.014365, -1.072602, 10.484211
0.471658, 0.129287, 11.034878
0.007183, -0.667982, 9.955090
0.339977, 0.134075, 9.758766
0.847548, 0.826000, 11.367672
-0.150835, -1.039083, 10.347740
0.414197, 0.059855, 11.252750
-0.158017, -0.615310, 9.837776
0.557849, 0.371101, 9.921574
0.804452, 0.663194, 11.147404
-0.270545, -1.493982, 10.034100
0.550666, 0.301669, 11.626244
-0.196325, -0.541090, 9.895237
0.545878, 0.555455, 9.801861
0.483629, 0.488417, 11.298237
-0.064643, -1.323994, 10.230423
0.450110, 0.107739, 11.817780
-0.186748, -0.725443, 10.292675
0.452504, 0.553061, 10.041283
0.577003, 0.318429, 11.324574
-0.129287, -1.326388, 10.101139
0.418985, 0.215478, 11.915943
-0.172383, -0.567426, 10.407597
0.644040, 0.617704, 10.122684
0.447716, -0.045490, 10.924744
-0.222661, -1.505953, 9.792286
0.464475, 0.469264, 12.239159
-0.052672, -0.754174, 10.163387
0.519542, 0.670377, 10.273521
0.435745, -0.141258, 10.922348
-0.239420, -1.146822, 9.636662
0.514753, 0.411803, 11.992558
-0.256180, -0.914585, 10.623074
0.727837, 0.553061, 10.522518
0.179565, -0.009577, 10.907982
-0.263362, -1.295263, 9.763554
0.318429, 0.593762, 11.899185
-0.035913, -0.665588, 10.697292
0.696713, 0.723049, 10.486603
0.038307, -0.572214, 10.541672
-0.050278, -0.936133, 10.146626
0.308852, 0.567426, 11.532871
0.160412, -0.744597, 10.548855
0.560243, 0.524330, 10.608707
0.079009, -0.459687, 10.453087
-0.081403, -0.565032, 9.897629
0.294487, 0.325611, 11.441891
0.191536, -0.706290, 10.642227
0.727837, 0.497994, 11.219231
-0.126893, -0.596156, 10.244789
-0.019154, -0.495600, 9.739613
0.416591, 0.502782, 11.140221
0.294487, -0.517148, 10.287884
0.581791, 0.577003, 11.372459
-0.299275, -0.931345, 10.496181
0.198719, 0.009577, 10.089165
0.392649, 0.275333, 10.520123
0.146046, -0.409409, 9.789890
0.756568, 0.404620, 11.444286
-0.402226, -0.799664, 10.110714
0.497994, 0.196325, 10.247185
0.270545, 0.289698, 10.271126
0.442927, -0.263362, 9.428368
0.871490, 0.282516, 11.633427
-0.548272, -1.261744, 9.923965
0.464475, 0.457293, 10.618286
0.282516, 0.318429, 10.479420
0.316035, -0.160412, 9.172188
0.648829, 0.181959, 11.631031
-0.225055, -1.161188, 9.595963
0.591368, 0.742203, 10.553642
0.268151, 0.004788, 10.477028
0.208296, -0.184354, 9.085995
0.311246, -0.131681, 9.212887
0.555455, -0.088585, 11.145008
-0.124499, -1.163582, 9.540894
0.478840, 0.991199, 10.857704
0.533907, -0.126893, 10.302250
0.064643, -0.028730, 9.378090
0.380678, -0.203507, 11.394005
-0.062249, -0.840365, 9.533710
0.569820, 1.010353, 10.814610
0.280122, -0.184354, 10.338165
0.452504, -0.138864, 9.660603
0.215478, -0.181959, 11.133038
0.047884, -0.916979, 9.375694
0.509965, 1.106121, 11.018116
0.495600, -0.289698, 10.431538
0.294487, -0.093374, 9.655815
0.143652, -0.296881, 10.872070
0.131681, -0.629675, 9.639057
0.605733, 1.046266, 11.197681
0.371101, -0.569820, 10.120293
0.208296, 0.071826, 10.070011
0.110133, -0.289698, 10.824188
0.280122, -0.363919, 9.691730
0.560243, 0.988805, 11.188107
0.287304, -0.739808, 10.706871
0.275333, 0.045490, 10.666168
0.158017, -0.478840, 10.216061
0.181959, -0.119710, 9.593567
0.684742, 0.615310, 11.331757
0.158017, -0.502782, 10.584766
0.308852, -0.069432, 10.805035
-0.129287, -0.586579, 10.244789
0.545878, -0.011971, 9.806652
0.746991, 0.804452, 10.951080
0.026336, -1.019930, 10.319012
0.349553, 0.100556, 11.408371
-0.165200, -0.407014, 10.251972
0.572214, 0.272939, 9.947910
0.438139, 0.536301, 11.353306
0.179565, -1.094150, 10.565613
0.387861, 0.169988, 11.307816
-0.177171, -0.725443, 10.010159
0.404620, 0.459687, 10.321404
0.634464, 0.447716, 11.161770
-0.019154, -0.974440, 10.338165
0.359130, 0.174777, 11.640610
-0.205901, -0.675165, 10.053253
0.758962, 0.541090, 10.182541
0.596156, 0.160412, 10.984596
-0.146046, -1.383849, 9.971851
0.488417, 0.390255, 12.299015
-0.229843, -0.773327, 10.278309
0.426168, 0.665588, 10.290279
0.553061, 0.064643, 11.314999
-0.117316, -1.309628, 9.708488
0.486023, 0.366313, 12.150574
-0.256180, -1.072602, 10.467449
0.636858, 0.761356, 10.347740
0.488417, -0.107739, 10.998962
-0.217872, -1.288081, 9.648632
0.284910, 0.395043, 12.157757
-0.095768, -0.787692, 10.527306
0.713472, 0.806846, 10.072407
0.304064, -0.366313, 10.678139
0.011971, -1.261744, 9.823410
0.301669, 0.617704, 12.059593
0.050278, -0.964863, 10.788273
0.514753, 0.773327, 10.424355
0.167594, -0.538695, 10.817005
0.047884, -0.916979, 10.005371
0.177171, 0.299275, 11.913548
0.028730, -0.893037, 10.831367
0.756568, 0.816423, 10.714054
-0.016759, -0.497994, 10.441113
-0.117316, -0.936133, 9.651028
0.258574, 0.605733, 11.896790
0.237026, -0.682348, 10.474632
0.622493, 0.749385, 10.852917
-0.213084, -0.895432, 10.362106
0.134075, -0.612916, 10.194511
0.260968, 0.466869, 11.444286
0.126893, -0.770933, 10.627861
0.667982, 0.653617, 11.518505
-0.189142, -0.811635, 10.579979
0.124499, -0.464475, 10.141838
0.172383, 0.361524, 11.137829
0.229843, -0.574608, 10.658985
0.665588, 0.562637, 11.631031
-0.502782, -1.163582, 10.371681
0.167594, -0.284910, 10.077194
0.277727, 0.521936, 10.723629
0.421380, -0.507571, 10.237606
0.421380, 0.390255, 11.513718
-0.225055, -1.225832, 10.386047
0.371101, 0.301669, 10.247185
0.205901, 0.124499, 10.297462
0.272939, -0.493206, 10.024525
0.574608, 0.265756, 11.865665
-0.325611, -1.065420, 10.089165
0.433351, 0.399832, 10.474632
0.150835, 0.320823, 10.342953
0.459687, -0.399832, 9.509769
0.620098, 0.387861, 11.784260
-0.550666, -1.517924, 9.679756
0.629675, 0.859519, 10.544064
0.344765, 0.215478, 10.005371
0.172383, -0.023942, 9.129093
0.766145, 0.155623, 11.748348
-0.287304, -1.235408, 9.485828
0.706290, 0.895432, 10.431538
0.069432, 0.023942, 10.194511
0.356736, -0.136469, 9.550472
0.507571, 0.301669, 11.652580
-0.256180, -1.443704, 9.464279
0.411803, 1.206678, 10.910378
0.512359, -0.134075, 10.546459
0.344765, 0.011971, 9.318233
0.409409, -0.141258, 11.243172
-0.162806, -1.142034, 9.706093
0.646435, 0.940921, 10.975021
0.404620, -0.184354, 10.067619
0.186748, -0.016759, 9.301476
0.335188, 0.217872, 11.307816
0.043096, -1.165976, 9.002197
0.677559, 1.266533, 10.836159
0.471658, -0.454898, 10.378864
0.268151, 0.059855, 10.031704
0.265756, -0.277727, 10.891224
-0.055067, -0.976834, 9.562443
0.701501, 1.130063, 11.346123
0.301669, -0.320823, 10.405201
0.349553, 0.023942, 10.046070
-0.035913, -0.337582, 10.673351
0.181959, -0.651223, 9.854534
0.883461, 1.271321, 10.948685
0.232238, -0.751779, 10.127472
0.466869, -0.011971, 10.333374
-0.093374, -0.174777, 10.472240
0.502782, -0.356736, 9.603142
0.514753, 1.103727, 11.058819
0.141258, -0.818817, 10.213665
0.392649, 0.158017, 10.465057
-0.014365, -0.430956, 10.242397
0.263362, -0.189142, 9.780315
0.756568, 0.938527, 11.575966
0.057461, -0.859519, 10.398018
0.253785, 0.004788, 10.991779
-0.045490, -0.380678, 10.445904
0.411803, -0.050278, 9.847351
0.809240, 0.806846, 11.408371
-0.246603, -1.156399, 10.089165
0.493206, 0.119710, 11.362881
-0.131681, -0.445322, 10.132263
0.423774, 0.184354, 9.938332
0.682348, 0.586579, 11.312603
-0.069432, -1.288081, 9.938332
0.426168, 0.081403, 11.583149
-0.296881, -0.766145, 10.105927
0.483629, 0.385466, 10.326191
0.598551, 0.466869, 11.200077
-0.153229, -1.374272, 9.890450
0.339977, 0.251391, 11.822567
-0.239420, -0.577003, 10.510548
0.603339, 0.531513, 10.098743
0.536301, 0.114922, 11.032482
-0.055067, -1.276110, 9.773132
0.440533, 0.272939, 12.011711
-0.074220, -0.526724, 10.340557
0.356736, 0.414197, 10.070011
0.691924, 0.088585, 11.008541
-0.069432, -1.134851, 9.378090
0.414197, 0.311246, 12.064384
-0.138864, -0.792481, 10.467449
0.665588, 0.593762, 10.330982
0.569820, -0.028730, 10.922348
-0.308852, -1.340753, 9.540894
0.514753, 0.512359, 12.160152
-0.023942, -0.533907, 10.790668
0.691924, 0.500388, 10.433933
0.244209, -0.390255, 10.716446
0.040701, -1.142034, 9.967064
0.306458, 0.493206, 11.798626
0.095768, -0.799664, 10.606316
0.660800, 0.689530, 10.603920
0.114922, -0.366313, 10.814610
0.045490, -0.761356, 9.593567
0.268151, 0.301669, 11.463440
0.280122, -0.478840, 10.572796
0.660800, 0.459687, 10.781090
-0.011971, -0.682348, 10.649410
-0.002394, -0.711078, 9.686939
0.363919, 0.603339, 11.214443
0.304064, -0.318429, 10.477028
0.521936, 0.349553, 11.465832
-0.117316, -0.986411, 10.668564
0.162806, -0.114922, 9.859322
0.457293, 0.359130, 10.493786
0.215478, -0.447716, 10.046070
0.591368, 0.464475, 11.585545
-0.347159, -1.031901, 10.445904
0.316035, -0.019154, 10.263943
0.411803, 0.316035, 10.443508
0.373495, -0.047884, 9.246407
0.651223, 0.196325, 11.836933
-0.512359, -1.266533, 9.964668
0.366313, 0.134075, 10.369289
0.294487, 0.505177, 10.584766
0.201113, -0.155623, 9.325417
0.632069, 0.138864, 11.975800
-0.260968, -1.405396, 10.029312
0.395043, 0.567426, 10.125080
0.378284, 0.256180, 10.687717
0.349553, -0.047884, 9.406818
0.536301, -0.052672, 11.587936
-0.244209, -1.309628, 9.806652
0.186748, 0.617704, 10.223244
0.524330, 0.294487, 10.261551
0.486023, 0.040701, 9.284714
0.332794, 0.002394, 11.353306
-0.124499, -1.424550, 9.706093
0.450110, 0.967257, 10.733208
0.526724, -0.062249, 10.132263
0.064643, 0.201113, 9.287109
0.392649, -0.131681, 11.580753
-0.112527, -1.077391, 9.631874
0.509965, 0.890643, 10.730812
0.373495, -0.016759, 10.342953
0.363919, 0.100556, 9.469067
0.220267, -0.131681, 11.077972
-0.011971, -1.115698, 9.581596
0.526724, 1.055843, 10.862495
0.512359, -0.079009, 10.556034
0.335188, 0.141258, 9.586384
-0.074220, -0.318429, 10.572796
0.229843, -0.751779, 9.739613
0.634464, 1.063025, 10.754753
0.356736, -0.351948, 10.060436
0.344765, 0.086191, 9.995792
-0.004788, -0.248997, 10.723629
0.275333, -0.720655, 9.792286
0.531513, 0.897826, 11.020512
0.316035, -0.591368, 10.340557
0.395043, 0.191536, 10.275913
-0.124499, -0.416591, 10.417171
0.213084, -0.438139, 9.991005
0.699107, 0.871490, 11.238384
0.277727, -0.560243, 10.204086
0.258574, 0.110133, 10.103531
-0.071826, -0.502782, 10.314220
0.344765, -0.102951, 9.940727
0.768539, 0.677559, 10.850521
-0.031125, -0.823606, 10.081985
0.519542, 0.126893, 11.044453
-0.241814, -0.325611, 10.223244
0.421380, -0.023942, 9.971851
0.612916, 0.651223, 11.365276
0.050278, -1.077391, 10.412384
0.344765, 0.248997, 11.240776
-0.313640, -0.708684, 10.103531
0.399832, 0.263362, 10.366894
0.744597, 0.567426, 11.204865
-0.098162, -1.211466, 9.880871
0.478840, 0.253785, 11.595119
-0.330400, -0.600945, 10.266338
0.742203, 0.385466, 10.220848
0.478840, 0.399832, 11.068394
-0.093374, -1.434127, 9.763554
0.560243, 0.459687, 12.143391
-0.277727, -0.785298, 10.460266
0.337582, 0.517148, 10.129868
0.670377, 0.146046, 11.334152
-0.110133, -1.235408, 9.634270
0.555455, 0.344765, 12.140999
-0.294487, -1.017536, 10.488998
0.620098, 0.682348, 10.481815
0.591368, 0.009577, 11.305420
-0.304064, -1.436521, 9.653423
0.596156, 0.435745, 11.743561
-0.071826, -0.672771, 10.608707
0.787692, 0.593762, 10.038887
0.229843, -0.158017, 10.733208
0.098162, -1.338359, 9.742008
0.366313, 0.612916, 11.757927
0.009577, -0.768539, 10.508152
0.670377, 0.617704, 10.670959
0.356736, -0.359130, 10.838551
0.071826, -0.981623, 10.125080
0.251391, 0.323217, 11.755531
-0.021548, -0.560243, 10.733208
0.885855, 0.629675, 10.843342
-0.064643, -0.445322, 10.582371
0.047884, -0.871490, 9.799469
0.447716, 0.572214, 11.554417
0.210690, -0.548272, 10.417171
0.600945, 0.581791, 11.121067
0.004788, -0.792481, 10.711658
0.162806, -0.488417, 9.734825
0.426168, 0.519542, 11.030087
0.155623, -0.694319, 10.302250
0.627281, 0.531513, 11.511322
-0.062249, -0.802058, 10.675747
0.177171, -0.361524, 9.923965
0.450110, 0.251391, 10.692505
0.196325, -0.368707, 10.223244
0.706290, 0.280122, 11.753136
-0.387861, -1.015141, 10.371681
0.390255, -0.205901, 10.235214
0.349553, 0.677559, 10.292675
0.275333, -0.476446, 9.928757
0.665588, 0.318429, 11.623852
-0.330400, -1.197101, 10.321404
0.462081, 0.507571, 10.297462
0.237026, 0.220267, 10.012550
0.349553, -0.239420, 9.605537
0.785298, 0.272939, 11.803413
-0.454898, -1.065420, 9.988609
0.459687, 0.474052, 10.199299
0.383072, 0.289698, 10.278309
0.351948, -0.117316, 9.191341
0.691924, 0.339977, 11.913548
-0.536301, -1.448492, 9.923965
0.541090, 0.780510, 10.745178
0.337582, 0.165200, 10.158600
0.122104, 0.016759, 8.932766
0.639252, 0.328006, 11.705254
-0.299275, -1.350330, 9.545681
0.562637, 0.778116, 10.797852
0.311246, 0.035913, 10.218452
0.260968, 0.172383, 9.133881
0.555455, 0.275333, 11.396400
-0.395043, -1.328782, 9.560047
0.557849, 0.821211, 10.994175
0.452504, 0.021548, 10.402805
0.311246, 0.038307, 9.346962
0.143652, 0.023942, 11.123463
-0.035913, -1.120486, 9.821014
0.459687, 0.895432, 11.188107
0.402226, -0.313640, 10.247185
0.081403, 0.160412, 9.349358
0.150835, -0.016759, 11.094730
0.050278, -0.979228, 9.576809
0.569820, 0.859519, 11.018116
0.430956, -0.129287, 10.184933
0.325611, 0.129287, 9.488220
0.114922, -0.196325, 10.596737
0.028730, -0.849942, 9.713276
0.634464, 0.866701, 11.314999
0.308852, -0.476446, 10.077194
0.268151, 0.146046, 10.058041
-0.052672, -0.311246, 10.769119
0.258574, -0.541090, 9.940727
0.742203, 0.878672, 11.137829
0.117316, -0.557849, 10.024525
0.457293, 0.076614, 10.627861
-0.105345, -0.126893, 10.168175
0.248997, -0.284910, 9.974243
0.533907, 0.711078, 11.432312
0.177171, -0.883461, 10.010159
0.469264, 0.251391, 10.611103
-0.265756, -0.478840, 10.160992
0.418985, -0.004788, 10.065224
0.608127, 0.691924, 11.331757
0.265756, -1.067814, 10.158600
0.196325, 0.141258, 11.066002
-0.047884, -0.598551, 10.429142
0.361524, 0.193930, 9.986217
0.653617, 0.313640, 11.252750
-0.021548, -1.115698, 10.275913
0.428562, 0.141258, 11.631031
-0.124499, -0.474052, 10.398018
0.275333, 0.196325, 10.070011
0.608127, 0.287304, 11.353306
0.105345, -1.144428, 9.938332
0.452504, 0.119710, 11.798626
-0.287304, -0.823606, 10.230423
0.426168, 0.593762, 10.381260
0.758962, 0.234632, 11.219231
-0.167594, -1.273715, 9.545681
0.586579, 0.232238, 11.894394
-0.232238, -0.675165, 10.352528
0.442927, 0.624887, 10.390835
0.395043, -0.002394, 11.396400
-0.016759, -1.376666, 10.120293
0.435745, 0.414197, 11.887211
-0.237026, -0.775721, 10.620678
0.378284, 0.579397, 10.402805
0.440533, -0.229843, 11.528084
0.011971, -1.201890, 9.988609
0.232238, 0.237026, 11.880032
-0.031125, -0.718261, 10.204086
0.529119, 0.727837, 10.338165
0.371101, -0.186748, 11.145008
-0.275333, -1.410185, 9.873688
0.407014, 0.275333, 11.956646
-0.011971, -0.718261, 10.627861
0.495600, 0.670377, 10.838551
0.191536, -0.366313, 11.066002
-0.114922, -1.307234, 9.952698
0.260968, 0.193930, 11.647793
-0.023942, -0.938527, 10.941502
0.591368, 0.960075, 11.322182
0.117316, -0.529119, 11.006145
-0.040701, -1.046266, 9.878475
0.248997, 0.047884, 11.097126
0.165200, -0.404620, 10.702084
0.629675, 0.854730, 10.991779
-0.201113, -0.703895, 10.893620
0.148441, -0.811635, 10.072407
0.277727, 0.311246, 10.747574
0.344765, -0.299275, 10.182541
0.646435, 0.569820, 11.722012
-0.150835, -0.938527, 10.831367
0.349553, -0.524330, 10.244789
0.184354, 0.158017, 10.805035
0.387861, -0.320823, 10.402805
0.715866, 0.787692, 11.927914
-0.316035, -1.235408, 10.409988
0.330400, -0.119710, 10.290279
0.447716, 0.313640, 10.560825
0.545878, -0.038307, 9.382877
0.773327, 0.454898, 11.683704
-0.466869, -1.376666, 10.139446
0.478840, 0.093374, 10.254368
0.416591, 0.378284, 10.189724
0.457293, -0.062249, 9.631874
0.612916, 0.466869, 11.762714
-0.313640, -1.546654, 10.127472
0.454898, 0.524330, 10.663776
0.306458, 0.191536, 10.409988
0.505177, 0.155623, 9.485828
0.622493, 0.220267, 11.559208
-0.409409, -1.290475, 10.172962
0.416591, 0.385466, 10.630257
0.533907, 0.335188, 10.189724
0.608127, 0.169988, 9.071632
0.411803, 0.373495, 11.338940
-0.186748, -1.374272, 9.742008
0.483629, 0.943316, 10.986992
0.469264, -0.057461, 10.070011
0.232238, 0.153229, 8.932766
0.591368, 0.155623, 11.360489
-0.167594, -1.304840, 9.809044
0.565032, 0.823606, 11.185711
0.483629, 0.083797, 10.290279
0.519542, 0.232238, 9.260773
0.363919, 0.217872, 11.092339
-0.256180, -1.381454, 10.048466
0.768539, 0.948104, 11.250355
0.627281, -0.191536, 10.287884
0.361524, 0.222661, 9.392452
0.220267, -0.071826, 10.560825
0.074220, -0.995988, 9.737217
0.782904, 1.113304, 10.991779
0.356736, -0.284910, 10.038887
0.347159, 0.143652, 9.636662
0.169988, -0.172383, 10.594341
0.138864, -0.814029, 9.940727
0.667982, 0.909797, 11.305420
0.493206, -0.426168, 10.055649
0.471658, 0.033519, 9.892841
0.057461, -0.167594, 10.529701
0.160412, -0.651223, 10.062832
0.694319, 0.995988, 11.484985
0.402226, -0.794875, 10.307037
0.237026, 0.102951, 10.793060
0.158017, -0.533907, 10.079590
0.002394, -0.026336, 9.636662
0.373495, -0.268151, 11.288662
0.002394, -1.144428, 10.919956
0.328006, 0.725443, 11.312603
-0.114922, -0.837971, 11.154587
0.409409, 0.428562, 9.842564
0.440533, -0.531513, 11.487381
0.011971, -1.237803, 10.833763
0.349553, -0.071826, 11.317390
0.184354, -0.533907, 11.030087
0.773327, 0.567426, 10.450691
-0.167594, -0.514753, 10.493786
0.177171, -1.161188, 10.766727
0.502782, 0.478840, 11.456257
0.148441, -0.746991, 10.129868
0.885855, 0.476446, 11.370064
-0.179565, -0.845153, 10.038887
0.373495, 0.007183, 9.562443
0.811635, 0.270545, 12.054806
-0.165200, -0.885855, 10.038887
1.051054, 0.533907, 11.853695
-0.220267, -0.723049, 10.577583
0.095768, 0.265756, 9.145851
0.895432, 0.237026, 11.935097
0.047884, -0.174777, 9.222466
0.514753, 0.074220, 11.446678
0.148441, -0.514753, 11.121067
0.268151, 0.739808, 9.976639
0.718261, 0.148441, 10.213665
0.313640, -0.033519, 9.519348
0.169988, -0.189142, 10.481815
-0.040701, -0.263362, 10.175358
0.486023, 0.143652, 11.963825
-0.069432, -0.284910, 9.540894
0.505177, -0.100556, 10.065224
0.351948, 0.107739, 10.872070
-0.241814, -0.023942, 8.659828
0.847548, -0.337582, 11.889606
-0.584185, -0.912191, 11.087547
0.373495, 0.064643, 10.812214
0.318429, -0.169988, 11.427525
0.093374, -0.033519, 9.710884
0.785298, -0.533907, 10.563217
-0.260968, 0.184354, 9.852142
0.926556, -0.294487, 11.688492
-0.359130, -0.486023, 10.558430
0.555455, -0.095768, 11.915943
0.349553, -0.368707, 10.998962
0.198719, 0.452504, 9.363724
0.632069, -0.474052, 10.814610
-0.011971, 0.330400, 9.782707
0.533907, -0.361524, 10.539276
-0.260968, 0.150835, 10.869675
0.354342, -0.169988, 11.259930
-0.050278, -0.222661, 10.328587
0.021548, 0.038307, 10.065224
0.653617, -0.191536, 10.615891
-0.596156, -0.076614, 9.730038
1.118092, -0.349553, 10.994175
-0.509965, -0.567426, 11.166557
0.770933, 0.007183, 10.692505
0.174777, -0.529119, 11.025299
0.332794, 0.208296, 10.426750
0.392649, -0.708684, 10.474632
0.112527, 0.260968, 9.193733
0.799664, -0.397438, 11.875240
0.004788, 0.193930, 9.725246
0.658406, -0.181959, 10.541672
0.011971, -0.265756, 10.869675
0.153229, -0.186748, 10.958263
0.165200, -0.107739, 10.149021
-0.337582, 0.124499, 10.417171
0.677559, -0.339977, 11.391613
-0.960075, 0.215478, 9.667786
1.110909, -0.256180, 11.109097
-0.344765, -0.241814, 10.421959
0.960075, -0.146046, 11.111492
0.093374, -0.237026, 9.768345
0.476446, -0.548272, 11.427525
0.435745, -0.328006, 10.541672
-0.167594, 0.378284, 10.244789
0.938527, -0.296881, 10.539276
-0.600945, -0.055067, 10.886436
0.617704, 0.301669, 10.438721
-0.775721, 0.016759, 10.280704
0.768539, -0.160412, 11.068394
-0.225055, -0.531513, 11.022903
0.347159, 0.095768, 10.055649
0.433351, -0.454898, 11.391613
0.476446, -0.131681, 10.220848
0.890643, -0.823606, 10.096348
-0.043096, 0.826000, 9.624691
1.101333, -0.462081, 11.501747
-0.486023, -0.294487, 9.974243
0.567426, -0.134075, 10.208878
-0.497994, 0.414197, 10.998962
0.351948, -0.227449, 10.929531
-0.158017, -0.849942, 10.867283
0.193930, 0.193930, 9.971851
0.450110, -0.237026, 11.683704
0.057461, 0.016759, 9.576809
1.139640, -0.998382, 10.283096
0.083797, 0.924162, 9.509769
1.017536, -0.390255, 11.501747
-0.316035, -0.339977, 10.230423
0.584185, -0.521936, 10.326191
-0.105345, 0.368707, 11.118675
0.076614, 0.119710, 10.690113
-0.016759, -1.158793, 11.125854
0.031125, 0.349553, 9.892841
0.787692, 0.009577, 11.410767
-0.088585, 0.004788, 9.876083
1.027112, -0.981623, 10.579979
0.289698, 0.981623, 9.967064
0.802058, -0.045490, 10.776302
-0.179565, -0.972046, 10.474632
0.526724, -0.495600, 10.718842
-0.189142, 0.287304, 10.936714
-0.162806, 0.373495, 10.297462
-0.134075, -1.151611, 11.142616
0.670377, 0.411803, 10.237606
0.438139, 0.591368, 10.546459
0.265756, -0.411803, 10.474632
0.718261, -0.677559, 10.568008
0.253785, -0.423774, 10.996571
0.289698, -0.095768, 10.333374
-0.057461, -1.163582, 10.778698
0.471658, 0.399832, 10.783485
-0.385466, 0.392649, 10.216061
0.847548, 0.016759, 10.711658
0.258574, 0.718261, 9.244015
1.108515, -0.055067, 11.276691
-0.071826, 0.593762, 10.228031
0.471658, -1.362301, 10.192116
0.325611, 0.179565, 10.819397
-0.222661, -0.560243, 10.635044
0.141258, -0.995988, 11.408371
0.031125, 0.538695, 9.835381
0.735020, -0.215478, 10.805035
0.057461, 0.316035, 10.697292
0.703895, -0.639252, 10.486603
0.165200, 0.112527, 10.970234
0.174777, -0.260968, 10.467449
-0.330400, -1.144428, 10.893620
0.462081, 0.361524, 10.874466
0.000000, 0.497994, 10.275913
0.275333, 0.368707, 10.623074
0.577003, 0.313640, 10.022129
0.596156, -0.191536, 11.008541
0.366313, 0.337582, 10.910378
0.004788, -1.137246, 9.859322
0.548272, -0.548272, 11.480198
-0.184354, 0.124499, 10.070011
0.069432, -0.409409, 10.491394
1.022324, 0.797269, 10.081985
0.294487, 0.031125, 9.715672
0.294487, -0.907403, 10.809822
0.028730, -0.088585, 10.438721
0.201113, -1.587356, 10.443508
0.086191, -0.198719, 11.528084
0.098162, -0.641646, 10.211269
0.416591, 0.332794, 11.267113
0.246603, 0.706290, 11.185711
0.076614, -1.242591, 10.644623
0.893037, -0.418985, 11.449074
-0.399832, 0.114922, 10.421959
-0.019154, -0.993594, 10.517727
0.761356, 0.454898, 11.281479
-0.095768, -0.308852, 10.407597
0.136469, -0.026336, 10.295067
1.118092, 0.972046, 10.544064
0.047884, -0.469264, 9.823410
0.351948, -0.866701, 10.661381
0.289698, -0.237026, 10.443508
0.248997, 0.277727, 10.553642
0.234632, 0.603339, 10.304646
0.418985, -0.174777, 9.933544
0.598551, 0.289698, 11.051636
-0.019154, 0.069432, 11.061214
0.110133, -1.273715, 9.967064
0.605733, -0.148441, 11.001358
-0.418985, -0.328006, 10.278309
0.325611, 0.035913, 10.079590
1.084573, 0.579397, 11.087547
-0.038307, -0.244209, 10.304646
0.186748, -0.890643, 9.777920
0.447716, 0.639252, 10.474632
-0.119710, -0.608127, 9.742008
0.397438, -0.167594, 9.871296
0.861913, 0.318429, 10.874466
-0.241814, 0.251391, 10.445904
0.265756, -0.399832, 9.852142
0.316035, 0.028730, 10.579979
0.045490, -1.206678, 10.194511
0.028730, -0.079009, 10.958263
0.837971, 0.198719, 10.975021
0.122104, -0.270545, 10.134655
0.366313, -0.062249, 10.833763
0.086191, 0.000000, 10.900803
0.239420, -1.000776, 10.319012
0.198719, 0.237026, 10.919956
0.814029, -0.141258, 10.412384
0.095768, 0.418985, 9.933544
0.241814, 0.253785, 10.350136
0.067038, -0.155623, 10.228031
0.282516, -1.264139, 10.125080
-0.126893, 0.351948, 11.039665
1.230620, -0.079009, 10.618286
-0.028730, 0.416591, 9.991005
0.373495, -0.129287, 10.350136
-0.023942, 0.129287, 10.340557
0.193930, -1.048660, 9.871296
-0.023942, 0.548272, 10.474632
1.386243, 0.246603, 11.030087
-0.045490, 0.330400, 10.077194
0.191536, -0.617704, 9.873688
-0.100556, 0.141258, 10.771515
0.433351, -0.588974, 10.465057
0.258574, 0.739808, 9.907207
0.972046, 0.011971, 10.960655
-0.325611, 0.107739, 10.991779
0.440533, -0.895432, 10.144234
0.059855, 0.009577, 10.319012
0.596156, -0.059855, 10.666168
0.265756, 0.938527, 9.651028
0.758962, 0.000000, 10.793060
0.043096, -0.521936, 10.781090
0.086191, -0.684742, 10.271126
0.129287, -0.260968, 9.986217
0.581791, 0.270545, 11.013329
0.450110, 0.603339, 10.376472
0.112527, -0.574608, 10.359711
0.090980, -0.737414, 10.445904
0.110133, -0.112527, 11.154587
0.272939, -0.402226, 10.137051
0.672771, 0.407014, 10.548855
0.143652, -0.287304, 10.955868
0.050278, -1.170764, 10.510548
0.189142, -0.239420, 10.060436
0.354342, 0.282516, 11.089943
0.720655, -0.304064, 10.263943
-0.079009, 0.395043, 10.687717
0.083797, -1.259350, 11.010933
-0.067038, -0.849942, 11.621456
0.347159, -0.100556, 10.168175
0.229843, 0.725443, 10.242397
0.636858, 0.246603, 10.872070
-0.332794, -0.335188, 10.591949
0.603339, -0.708684, 10.180145
0.038307, 0.131681, 10.328587
0.806846, -0.057461, 11.164162
0.062249, 0.993594, 10.316616
0.495600, -0.995988, 10.244789
-0.131681, -0.155623, 10.218452
0.960075, -0.131681, 10.359711
-0.035913, 1.101333, 10.261551
0.588974, -0.019154, 10.115501
0.143652, -0.409409, 10.752361
0.055067, -0.682348, 10.251972
0.126893, -0.598551, 10.240002
0.684742, 0.667982, 10.833763
0.234632, -0.325611, 10.766727
0.232238, -0.912191, 10.386047
0.021548, -0.806846, 9.880871
0.387861, 0.007183, 11.283875
0.241814, 0.833182, 10.469845
0.344765, -0.615310, 10.757149
0.014365, -0.521936, 10.438721
0.316035, -0.955287, 10.967838
0.438139, 0.234632, 10.941502
0.222661, 0.639252, 10.462662
0.703895, -0.723049, 10.714054
-0.392649, 0.248997, 10.733208
0.653617, -1.197101, 10.115501
0.404620, 1.168370, 10.898407
0.316035, 0.517148, 10.417171
0.299275, -0.593762, 9.947910
0.265756, -0.821211, 10.457874
0.198719, 0.093374, 10.867283
0.555455, -0.287304, 10.369289
-0.220267, -0.090980, 11.250355
0.260968, -0.584185, 11.326969
0.349553, -1.192313, 10.187328
0.344765, -0.158017, 10.129868
0.995988, 1.264139, 10.812214
0.002394, -0.270545, 9.964668
0.689530, -1.254562, 10.139446
0.057461, 1.537077, 10.800243
0.325611, 0.150835, 10.287884
0.225055, 0.057461, 10.036495
0.359130, -1.242591, 10.421959
-0.160412, -0.074220, 11.408371
0.644040, 0.000000, 10.577583
0.241814, -0.246603, 10.369289
0.155623, -0.538695, 10.893620
0.342371, -0.541090, 10.706871
0.313640, 0.146046, 10.541672
0.562637, 0.342371, 10.323799
0.280122, 0.040701, 10.149021
0.679953, -0.632069, 10.156204
0.270545, 0.612916, 10.213665
0.239420, 0.323217, 9.967064
0.107739, 0.653617, 10.453087
0.581791, -0.845153, 10.457874
-0.143652, -0.069432, 10.508152
0.653617, -0.074220, 10.520123
0.131681, -0.361524, 10.144234
0.332794, -0.644040, 10.826580
0.622493, -0.617704, 11.317390
-0.074220, -0.158017, 11.228806
0.581791, -0.174777, 10.862495
-0.177171, -0.378284, 10.639832
0.380678, -0.383072, 10.967838
0.114922, 0.232238, 11.281479
0.366313, -0.612916, 10.046070
0.189142, 0.359130, 10.275913
0.407014, -0.363919, 10.077194
0.301669, 0.497994, 10.295067
0.579397, 0.105345, 10.603920
0.102951, -0.521936, 9.660603
0.447716, 0.667982, 10.038887
0.184354, -0.158017, 10.465057
-0.045490, -0.112527, 10.247185
0.818817, -0.785298, 10.146626
-0.407014, 0.035913, 10.479420
0.593762, -0.660800, 10.520123
-0.007183, -0.090980, 10.266338
0.318429, -0.359130, 10.098743
0.849942, -0.313640, 10.160992
-0.239420, -0.375890, 10.862495
0.517148, -0.919374, 10.546459
0.112527, -0.418985, 9.821014
0.603339, 0.155623, 10.110714
0.057461, -0.658406, 11.195290
0.033519, -1.015141, 10.625469
0.481235, 0.339977, 10.941502
-0.023942, 0.248997, 10.376472
0.203507, 0.454898, 10.967838
0.155623, -0.079009, 11.006145
0.172383, -0.177171, 10.723629
0.495600, -0.136469, 11.303028
-0.016759, -0.995988, 10.601524
0.615310, 0.062249, 10.594341
0.469264, 0.399832, 9.957485
0.000000, 0.811635, 10.352528
0.368707, -0.253785, 10.893620
0.000000, -0.296881, 10.362106
0.438139, 0.507571, 10.062832
0.177171, -0.718261, 9.469067
-0.011971, -0.062249, 10.694901
0.531513, -0.758962, 10.776302
-0.107739, 0.684742, 10.275913
0.672771, -0.153229, 10.618286
0.057461, -0.553061, 10.596737
0.553061, 0.308852, 9.677364
0.354342, 0.471658, 9.943119
-0.052672, -0.229843, 10.024525
0.703895, -0.883461, 11.020512
-0.213084, 0.198719, 9.768345
0.756568, -0.167594, 10.455479
-0.126893, -0.328006, 11.094730
0.316035, -0.213084, 10.563217
0.725443, 0.375890, 9.785103
-0.263362, 0.014365, 9.569626
0.667982, -0.627281, 11.444286
-0.299275, -0.263362, 10.192116
0.785298, 0.083797, 10.287884
0.316035, 0.011971, 10.321404
0.239420, -0.268151, 10.556034
0.301669, 0.380678, 10.453087
-0.016759, -0.268151, 9.380482
0.924162, -0.189142, 11.334152
-0.342371, -0.780510, 10.515335
0.646435, -0.047884, 10.160992
0.577003, 0.636858, 10.381260
0.038307, -0.624887, 10.625469
0.356736, 0.301669, 10.752361
0.292093, 0.225055, 9.600750
0.823606, -0.457293, 11.113884
-0.248997, -0.426168, 10.553642
0.361524, 0.347159, 10.271126
0.713472, 0.354342, 10.496181
0.232238, -0.335188, 10.299858
0.201113, -0.081403, 10.776302
0.414197, -0.009577, 9.785103
0.900220, 0.287304, 10.632652
0.936133, 0.634464, 10.807426
-0.351948, -0.169988, 10.445904
0.471658, 0.122104, 10.237606
0.670377, 0.430956, 10.295067
-0.083797, -0.409409, 11.367672
-0.040701, -1.015141, 10.534489
0.840365, -0.045490, 10.117897
0.533907, 0.086191, 10.625469
-0.471658, -0.682348, 11.224018
0.524330, -0.529119, 10.647015
0.567426, 0.380678, 10.103531
0.251391, -0.213084, 10.766727
0.071826, -0.974440, 10.050858
0.708684, 0.562637, 11.027695
0.229843, -0.500388, 10.773907
-0.160412, -1.237803, 10.568008
0.861913, -0.004788, 10.457874
0.256180, 0.129287, 10.690113
0.320823, -0.718261, 10.599133
0.294487, 0.428562, 9.995792
0.452504, 0.296881, 10.979809
-0.019154, -0.488417, 10.132263
0.689530, 0.380678, 9.655815
0.418985, 0.713472, 11.300632
-0.172383, -0.713472, 10.160992
0.577003, 0.646435, 10.266338
0.057461, 0.423774, 11.346123
0.253785, -1.582567, 10.352528
0.471658, 1.058237, 9.550472
0.313640, 0.660800, 11.808205
-0.584185, -1.833959, 10.577583
0.799664, 0.632069, 9.830593
0.282516, 0.646435, 10.558430
-0.189142, -1.537077, 11.140221
0.560243, -0.138864, 10.168175
0.490811, 0.648829, 10.896011
-0.004788, -1.522712, 10.943897
0.215478, -0.617704, 10.105927
1.113304, 0.713472, 10.462662
-0.167594, -0.938527, 10.953472
0.445322, -0.696713, 10.620678
0.442927, 0.665588, 10.462662
0.244209, -0.064643, 10.910378
0.136469, -0.294487, 10.268730
0.569820, 1.010353, 10.481815
0.090980, -0.217872, 10.455479
0.146046, -0.062249, 10.558430
0.347159, -0.234632, 10.242397
-0.150835, -0.107739, 10.654198
0.361524, -0.090980, 10.307037
0.330400, -0.143652, 10.515335
-0.129287, -1.154005, 10.812214
0.390255, -0.711078, 10.438721
0.895432, 0.481235, 10.522518
-0.464475, -0.651223, 10.934319
0.459687, -0.191536, 10.958263
0.435745, 0.057461, 11.003750
-0.234632, -0.893037, 10.783485
0.383072, -0.167594, 10.354923
0.318429, 1.230620, 11.341335
-0.227449, -0.950498, 10.153809
0.318429, 0.002394, 10.649410
0.014365, 0.397438, 11.166557
0.009577, -0.991199, 10.005371
0.371101, 1.491588, 10.103531
0.110133, -0.272939, 10.934319
0.292093, -0.928950, 10.007763
0.636858, 0.653617, 10.206482
-0.014365, -0.397438, 11.008541
0.184354, -0.644040, 10.026917
0.356736, 0.651223, 10.606316
-0.205901, -1.005565, 10.721237
0.251391, -1.005565, 10.278309
0.105345, 1.218649, 11.121067
-0.217872, -1.005565, 10.639832
0.500388, -0.634464, 10.307037
0.299275, 0.950498, 10.589554
0.043096, -1.007959, 11.238384
0.292093, -0.337582, 10.754753
0.090980, -0.131681, 11.453861
-0.052672, -1.216255, 10.905590
0.158017, -0.162806, 10.678139
-0.071826, 0.344765, 11.396400
-0.258574, -0.854730, 10.508152
0.409409, -0.052672, 10.857704
0.220267, 0.100556, 10.618286
0.567426, -0.533907, 10.321404
0.378284, 1.218649, 10.869675
0.160412, -0.711078, 10.192116
0.445322, -0.847548, 10.627861
0.191536, 0.490811, 11.322182
-0.086191, -0.457293, 9.770737
0.653617, 0.007183, 10.891224
-0.409409, -0.246603, 10.522518
0.852336, -0.225055, 9.921574
0.447716, 1.450886, 10.730812
0.067038, -0.895432, 10.055649
0.842759, 0.263362, 10.160992
0.265756, 0.457293, 10.771515
-0.004788, -0.914585, 10.067619
0.512359, 0.529119, 10.273521
0.148441, -0.507571, 10.654198
0.572214, -0.397438, 10.232819
0.418985, 1.845930, 10.192116
0.316035, -0.313640, 10.187328
0.670377, -0.016759, 10.527306
0.359130, -0.177171, 10.589554
-0.248997, -0.754174, 10.623074
0.797269, 0.031125, 10.635044
-0.043096, 0.225055, 10.225636
0.615310, -0.100556, 10.230423
0.478840, 0.960075, 10.352528
0.395043, -0.129287, 10.216061
0.409409, 0.134075, 10.508152
0.474052, -0.500388, 10.764332
0.028730, 0.045490, 10.010159
0.572214, -0.383072, 10.441113
0.021548, -0.481235, 10.328587
0.723049, 0.531513, 10.278309
0.478840, 0.964863, 10.596737
0.203507, -0.368707, 9.849747
0.677559, 0.407014, 10.402805
0.260968, -1.127669, 10.817005
