0.486023, 0.577003, 11.003750
0.579397, -0.617704, 11.149799
-0.047884, -0.653617, 10.445904
0.153229, -0.509965, 10.465057
0.672771, 0.574608, 11.434708
-0.248997, -0.234632, 10.156204
0.744597, -0.677559, 11.034878
-0.227449, -0.248997, 10.668564
0.162806, -0.407014, 10.790668
0.718261, 0.603339, 11.202469
-0.447716, -0.217872, 9.919178
0.938527, -0.407014, 11.008541
-0.213084, -0.591368, 10.321404
0.263362, -0.407014, 10.299858
0.768539, 0.782904, 11.382034
-0.423774, -0.323217, 10.342953
0.921768, -0.629675, 10.840946
-0.500388, -0.572214, 10.541672
0.624887, 0.105345, 10.702084
0.826000, 0.727837, 11.087547
-0.158017, -0.004788, 10.180145
0.536301, -0.605733, 10.948685
-0.284910, -0.507571, 10.517727
0.718261, 0.143652, 10.632652
0.588974, 0.600945, 11.168953
0.000000, -0.100556, 10.220848
0.675165, -0.718261, 10.716446
-0.146046, -0.239420, 10.515335
0.531513, 0.418985, 10.678139
0.677559, 0.617704, 11.027695
0.009577, -0.603339, 10.117897
0.675165, -0.715866, 11.133038
-0.371101, -0.114922, 10.754753
0.814029, 0.304064, 10.666168
0.402226, -0.028730, 10.788273
0.210690, -0.691924, 10.414780
0.672771, -0.117316, 10.807426
-0.079009, 0.186748, 10.096348
0.847548, 0.804452, 10.864887
0.035913, -0.177171, 10.663776
0.090980, -0.392649, 10.524910
0.555455, -0.373495, 10.639832
0.105345, -0.079009, 10.321404
0.806846, 0.950498, 10.642227
0.177171, -0.335188, 10.005371
0.349553, -0.411803, 10.050858
0.241814, -0.251391, 10.670959
0.203507, 0.237026, 10.635044
0.679953, 0.940921, 10.623074
-0.105345, -0.519542, 10.479420
0.227449, -0.936133, 10.764332
0.447716, 0.158017, 10.687717
0.095768, 0.272939, 9.856930
0.620098, 0.615310, 10.821793
-0.220267, -0.464475, 10.314220
0.464475, -0.268151, 10.180145
0.378284, 0.275333, 10.326191
0.079009, -0.016759, 10.342953
0.715866, 0.538695, 11.370064
-0.079009, -0.814029, 9.976639
0.421380, -0.435745, 10.532093
0.263362, 0.093374, 11.264721
-0.055067, -0.155623, 10.335770
0.711078, 0.478840, 11.044453
-0.521936, -0.718261, 9.868900
0.538695, -0.450110, 10.754753
0.339977, 0.342371, 11.015724
-0.021548, 0.093374, 10.180145
0.586579, 0.186748, 11.528084
-0.502782, -1.010353, 10.237606
0.517148, -0.411803, 10.402805
0.172383, 0.529119, 10.541672
0.043096, 0.208296, 10.417171
0.780510, -0.294487, 11.032482
-0.392649, -0.720655, 9.969456
0.385466, -0.366313, 10.484211
0.220267, 0.272939, 11.197681
0.169988, -0.019154, 10.412384
0.409409, -0.361524, 10.951080
-0.380678, -0.823606, 9.732430
0.804452, -0.208296, 11.022903
0.222661, 0.342371, 10.690113
0.220267, -0.160412, 9.844959
0.512359, -0.411803, 11.188107
-0.256180, -0.876278, 10.342953
0.569820, 0.141258, 10.848129
-0.045490, 0.328006, 10.572796
0.447716, -0.136469, 10.457874
0.330400, -0.773327, 10.817005
-0.248997, -0.809240, 9.935936
0.720655, 0.349553, 10.613495
0.064643, 0.349553, 10.491394
0.375890, -0.339977, 10.563217
0.043096, -0.979228, 10.759544
-0.304064, -0.706290, 10.714054
0.818817, 0.146046, 11.154587
0.050278, 0.567426, 10.611103
0.337582, -0.344765, 10.778698
0.148441, -1.177948, 10.666168
0.033519, -0.732626, 10.453087
0.691924, 0.411803, 11.099522
-0.098162, 0.114922, 10.177753
0.720655, -0.208296, 10.747574
-0.189142, -1.134851, 10.587162
0.251391, -0.984017, 10.608707
0.691924, 0.847548, 11.099522
0.021548, 0.227449, 10.225636
0.569820, -0.809240, 10.915165
-0.134075, -0.823606, 10.352528
-0.117316, -0.043096, 10.319012
0.746991, -0.378284, 10.972626
-0.186748, -0.852336, 10.639832
0.272939, -0.311246, 10.465057
0.833182, 1.309628, 11.626244
-0.222661, 0.100556, 10.187328
0.782904, -0.802058, 10.661381
-0.282516, -0.766145, 10.773907
0.335188, -0.172383, 10.587162
0.960075, 0.931345, 11.188107
-0.220267, -0.067038, 9.911995
0.706290, -1.039083, 10.958263
-0.184354, -0.347159, 10.651806
0.524330, 0.141258, 10.263943
0.572214, 0.785298, 11.137829
-0.158017, -0.656011, 10.285492
0.768539, -0.627281, 10.843342
-0.158017, -0.457293, 10.230423
0.529119, -0.011971, 10.730812
0.416591, 0.481235, 11.556812
-0.339977, 0.059855, 10.759544
0.545878, 0.028730, 10.661381
0.471658, 0.083797, 10.388443
-0.031125, -0.440533, 10.125080
0.636858, -0.320823, 10.840946
-0.100556, -0.081403, 10.448296
0.775721, 0.536301, 10.486603
0.014365, -0.222661, 10.601524
0.004788, -0.608127, 10.623074
0.519542, -0.325611, 10.809822
-0.112527, -0.059855, 10.242397
0.699107, 0.670377, 10.826580
0.050278, -0.067038, 10.726025
0.033519, -0.435745, 10.424355
0.296881, -0.174777, 10.771515
-0.062249, -0.014365, 10.548855
0.964863, 0.675165, 11.061214
-0.155623, -0.292093, 10.208878
0.079009, -0.524330, 10.508152
0.361524, -0.031125, 10.723629
-0.023942, 0.047884, 10.141838
0.565032, 0.754174, 10.826580
-0.186748, -0.648829, 10.448296
0.469264, -0.263362, 10.912773
0.232238, -0.129287, 10.560825
0.011971, -0.280122, 10.220848
0.814029, 0.610522, 11.492168
-0.488417, -0.790087, 10.220848
0.555455, -0.529119, 10.433933
0.153229, 0.311246, 10.639832
0.069432, -0.148441, 10.278309
1.137246, 0.572214, 11.264721
-0.663194, -0.543484, 10.050858
0.718261, -0.634464, 10.982204
0.378284, 0.232238, 11.099522
-0.035913, 0.021548, 10.357319
0.854730, 0.373495, 11.192894
-0.612916, -0.617704, 9.959881
0.821211, -0.325611, 10.737995
0.158017, 0.289698, 10.560825
0.162806, 0.179565, 10.498573
0.866701, 0.172383, 11.511322
-0.550666, -0.962469, 9.873688
0.648829, -0.296881, 10.924744
0.076614, 0.526724, 10.582371
0.277727, -0.047884, 10.455479
0.720655, -0.160412, 11.149799
-0.505177, -0.833182, 9.840168
0.902614, -0.071826, 10.730812
0.167594, 0.402226, 10.656593
0.349553, 0.043096, 10.393230
0.617704, -0.347159, 11.317390
-0.457293, -0.905008, 10.007763
0.833182, -0.213084, 11.087547
0.090980, 0.153229, 10.551247
0.497994, -0.102951, 10.500969
0.404620, -0.553061, 10.982204
-0.359130, -1.235408, 10.108318
0.881066, 0.220267, 11.154587
0.158017, 0.555455, 10.603920
0.555455, -0.337582, 10.733208
0.304064, -1.053449, 10.900803
-0.316035, -0.701501, 10.278309
1.060631, 0.359130, 10.826580
0.158017, 0.074220, 10.151417
0.378284, -0.380678, 10.929531
0.241814, -0.916979, 10.572796
0.141258, -0.248997, 10.093956
0.672771, 0.600945, 10.994175
-0.100556, -0.390255, 10.292675
0.562637, -0.440533, 10.714054
0.141258, -0.782904, 10.429142
0.088585, -0.787692, 10.584766
0.847548, 0.672771, 11.276691
-0.275333, -0.272939, 9.854534
0.665588, -0.493206, 10.836159
-0.134075, -0.622493, 10.675747
0.167594, -0.426168, 10.627861
0.814029, 0.639252, 11.037270
-0.342371, -0.304064, 10.125080
0.746991, -0.323217, 11.334152
-0.174777, -0.442927, 10.295067
0.126893, -0.454898, 10.055649
0.763750, 0.691924, 11.401188
-0.366313, -0.328006, 10.098743
0.837971, -0.438139, 10.673351
-0.270545, -0.361524, 10.443508
0.193930, -0.627281, 10.618286
0.859519, 0.622493, 11.516109
-0.356736, -0.294487, 9.713276
0.629675, -0.509965, 10.852917
-0.134075, -0.507571, 10.821793
0.306458, -0.306458, 10.378864
0.627281, 0.526724, 11.066002
-0.275333, -0.375890, 10.026917
0.912191, -0.538695, 11.015724
-0.119710, -0.227449, 10.541672
0.256180, 0.028730, 10.062832
0.639252, 0.572214, 11.214443
-0.107739, -0.464475, 10.096348
0.634464, -0.483629, 10.620678
-0.373495, -0.117316, 10.172962
0.634464, 0.112527, 10.589554
0.708684, 0.210690, 10.802639
-0.165200, -0.272939, 10.012550
0.512359, -0.395043, 10.982204
-0.155623, -0.248997, 10.479420
0.806846, 0.440533, 10.601524
0.169988, 0.272939, 10.565613
-0.081403, -0.651223, 10.220848
0.596156, -0.502782, 10.907982
-0.112527, 0.158017, 10.151417
0.622493, 0.665588, 10.726025
0.196325, -0.205901, 10.716446
0.033519, -0.634464, 10.338165
0.466869, -0.287304, 10.670959
0.095768, 0.198719, 10.259155
0.658406, 0.567426, 10.625469
0.129287, -0.727837, 10.314220
0.241814, -0.359130, 10.544064
0.378284, 0.251391, 10.776302
0.268151, -0.033519, 10.072407
0.797269, 0.663194, 10.852917
-0.361524, -0.459687, 10.237606
0.481235, -0.612916, 10.383652
0.445322, 0.265756, 10.546459
-0.038307, 0.296881, 10.177753
0.835577, 0.653617, 10.936714
-0.186748, -0.514753, 10.182541
0.639252, -0.205901, 10.517727
0.114922, 0.016759, 10.654198
0.165200, 0.124499, 10.374077
0.852336, 0.512359, 11.145008
-0.347159, -0.955287, 9.921574
0.639252, -0.222661, 10.845734
0.198719, 0.605733, 10.467449
0.328006, -0.110133, 10.268730
0.596156, 0.347159, 10.958263
-0.253785, -0.677559, 10.101139
0.723049, -0.035913, 10.726025
0.162806, 0.146046, 10.852917
0.124499, 0.059855, 10.611103
0.672771, 0.045490, 11.073185
-0.275333, -0.737414, 9.818623
0.761356, -0.083797, 10.699688
0.038307, 0.464475, 10.922348
0.260968, 0.093374, 10.230423
0.632069, -0.318429, 10.802639
-0.330400, -0.802058, 10.244789
0.723049, -0.007183, 10.757149
0.057461, 0.150835, 10.515335
0.344765, -0.153229, 10.544064
0.380678, -0.407014, 11.063606
-0.311246, -0.744597, 10.091560
0.634464, 0.213084, 10.589554
-0.007183, 0.162806, 10.658985
0.577003, -0.146046, 10.735600
0.342371, -0.287304, 10.802639
-0.402226, -0.974440, 10.139446
0.751779, 0.138864, 11.089943
0.019154, 0.316035, 10.508152
0.567426, 0.079009, 10.378864
0.052672, -0.890643, 10.402805
-0.131681, -0.529119, 10.395626
0.869095, 0.378284, 10.802639
-0.134075, 0.093374, 10.043678
0.502782, -0.359130, 10.740391
0.131681, -1.091756, 10.879253
-0.131681, -0.318429, 10.433933
0.691924, 0.428562, 10.757149
-0.359130, -0.335188, 10.424355
0.653617, -0.505177, 10.965443
-0.165200, -0.658406, 10.407597
0.043096, -0.780510, 10.263943
0.766145, 0.538695, 11.295845
-0.251391, -0.191536, 10.132263
0.826000, -0.430956, 10.814610
-0.483629, -0.869095, 10.206482
0.136469, -1.031901, 10.651806
1.005565, 0.627281, 11.008541
-0.416591, 0.026336, 9.516953
0.804452, -0.543484, 11.104309
-0.265756, -1.046266, 10.374077
0.191536, -0.577003, 10.405201
0.732626, 0.792481, 10.970234
-0.363919, -0.138864, 10.321404
0.802058, -0.533907, 11.121067
-0.397438, -0.895432, 10.029312
0.332794, -0.524330, 10.247185
0.849942, 1.292869, 11.348518
-0.414197, -0.114922, 9.730038
0.763750, -0.814029, 10.740391
-0.440533, -0.213084, 10.431538
0.414197, -0.387861, 10.599133
0.768539, 0.756568, 10.963051
-0.361524, -0.155623, 9.670181
0.967257, -0.517148, 10.850521
-0.146046, -0.617704, 10.287884
0.423774, 0.134075, 10.517727
0.459687, 0.866701, 11.018116
-0.150835, -0.754174, 10.065224
1.036689, -0.584185, 10.857704
-0.387861, -0.337582, 10.359711
0.677559, 0.280122, 10.484211
0.586579, 0.543484, 11.027695
0.076614, -0.600945, 10.105927
0.679953, -0.486023, 10.405201
-0.306458, 0.210690, 10.139446
0.711078, 0.268151, 10.366894
0.280122, 0.071826, 10.757149
-0.090980, -0.359130, 10.170570
0.826000, -0.371101, 10.802639
-0.023942, 0.009577, 10.400414
0.569820, 0.390255, 10.362106
0.268151, 0.119710, 10.474632
0.260968, -0.718261, 10.165779
0.675165, -0.191536, 10.941502
-0.160412, -0.146046, 10.407597
0.818817, 0.538695, 10.524910
0.122104, -0.332794, 10.500969
0.220267, -0.591368, 10.644623
0.454898, 0.538695, 10.960655
0.016759, 0.150835, 9.813835
0.957681, 0.943316, 10.872070
-0.148441, -0.471658, 10.338165
0.387861, -0.586579, 10.321404
0.486023, 0.011971, 10.443508
-0.076614, 0.009577, 9.995792
0.955287, 0.790087, 10.929531
0.035913, -0.447716, 9.955090
0.411803, -0.134075, 10.065224
0.287304, -0.234632, 10.656593
0.158017, 0.141258, 10.235214
0.974440, 0.785298, 10.611103
-0.299275, -0.622493, 9.959881
0.466869, -0.802058, 10.644623
0.375890, 0.280122, 10.986992
0.105345, 0.232238, 9.842564
0.792481, 0.591368, 11.245567
-0.294487, -0.770933, 10.125080
0.617704, -0.550666, 10.254368
0.280122, 0.383072, 10.326191
0.069432, -0.019154, 9.969456
0.873884, 0.433351, 11.171345
-0.237026, -0.830788, 9.670181
0.512359, -0.026336, 10.563217
0.019154, 0.112527, 11.080368
0.299275, -0.038307, 10.472240
0.684742, 0.277727, 11.195290
-0.584185, -1.005565, 9.854534
0.624887, -0.478840, 10.771515
0.186748, 0.624887, 10.680534
0.114922, 0.440533, 9.868900
0.550666, -0.117316, 11.061214
-0.438139, -0.969652, 10.275913
0.703895, -0.557849, 10.328587
0.007183, 0.732626, 10.658985
0.143652, 0.332794, 10.565613
0.651223, -0.519542, 11.135433
-0.610522, -1.163582, 9.713276
0.486023, -0.143652, 10.651806
0.191536, 0.916979, 10.848129
0.395043, -0.033519, 10.541672
0.227449, -0.624887, 10.998962
-0.502782, -1.230620, 10.259155
0.715866, -0.076614, 11.188107
0.107739, 0.392649, 10.620678
0.306458, 0.002394, 10.259155
0.160412, -0.677559, 10.718842
-0.203507, -0.859519, 10.012550
0.713472, 0.201113, 10.673351
-0.105345, 0.428562, 10.309433
0.615310, -0.335188, 10.697292
0.126893, -1.060631, 10.407597
-0.119710, -0.933739, 10.261551
0.758962, 0.579397, 10.754753
-0.122104, 0.122104, 10.220848
0.519542, -0.641646, 10.663776
-0.062249, -0.995988, 10.568008
0.021548, -0.653617, 10.508152
0.900220, 0.529119, 10.970234
-0.160412, 0.081403, 10.319012
0.409409, -0.476446, 10.900803
0.057461, -0.778116, 10.615891
0.162806, -0.653617, 10.266338
0.782904, 0.814029, 10.927135
-0.339977, 0.021548, 10.031704
0.756568, -0.497994, 10.881649
-0.076614, -0.560243, 10.311829
0.141258, -0.687136, 10.381260
0.890643, 1.039083, 11.305420
-0.356736, -0.146046, 10.031704
0.847548, -0.751779, 10.833763
-0.162806, -0.459687, 10.579979
0.203507, -0.474052, 10.259155
0.763750, 0.505177, 11.051636
-0.268151, -0.402226, 10.175358
0.782904, -0.138864, 10.979809
-0.246603, -0.462081, 10.558430
0.361524, -0.342371, 10.670959
0.735020, 1.072602, 11.441891
-0.244209, -0.277727, 10.280704
0.897826, -0.754174, 10.663776
-0.354342, -0.565032, 10.599133
0.567426, -0.069432, 10.259155
0.895432, 1.094150, 10.979809
-0.287304, -0.114922, 9.979034
0.735020, -1.074996, 10.584766
-0.368707, -0.069432, 10.611103
0.677559, 0.332794, 10.127472
0.586579, 0.553061, 10.991779
-0.002394, -0.337582, 10.381260
0.617704, -0.426168, 10.812214
-0.134075, -0.308852, 10.144234
0.553061, 0.402226, 10.666168
0.311246, 0.418985, 11.168953
0.035913, -0.529119, 10.402805
0.438139, -0.323217, 10.814610
-0.241814, -0.244209, 10.740391
0.821211, 0.749385, 10.826580
0.366313, 0.225055, 10.263943
0.031125, -0.560243, 10.278309
0.380678, -0.421380, 10.726025
0.002394, -0.021548, 10.314220
0.694319, 0.802058, 10.486603
-0.059855, -0.373495, 10.357319
0.177171, -0.672771, 10.807426
0.483629, 0.028730, 10.838551
-0.117316, 0.174777, 10.017342
0.912191, 0.878672, 11.089943
-0.083797, -0.572214, 10.484211
0.270545, -0.574608, 10.149021
0.294487, -0.064643, 10.481815
0.067038, 0.169988, 10.469845
0.782904, 0.782904, 10.922348
-0.363919, -0.519542, 10.048466
0.464475, -0.225055, 10.867283
0.174777, 0.253785, 10.929531
0.280122, -0.062249, 10.244789
0.560243, 0.797269, 10.668564
-0.390255, -0.974440, 10.072407
0.727837, -0.395043, 10.843342
0.169988, 0.318429, 10.544064
-0.076614, 0.033519, 10.486603
0.581791, 0.500388, 11.283875
-0.251391, -1.015141, 10.182541
0.670377, 0.277727, 10.912773
-0.141258, 0.136469, 10.421959
0.438139, -0.083797, 10.591949
0.730232, 0.146046, 11.010933
-0.703895, -0.991199, 9.653423
0.723049, -0.304064, 10.718842
-0.019154, 0.512359, 10.869675
0.251391, -0.069432, 10.441113
0.672771, 0.014365, 11.099522
-0.651223, -0.608127, 10.034100
0.869095, -0.493206, 10.836159
-0.062249, 0.296881, 10.551247
0.169988, 0.067038, 10.558430
0.555455, -0.325611, 11.039665
-0.363919, -1.108515, 9.943119
0.639252, 0.256180, 11.142616
0.019154, 0.081403, 10.673351
0.478840, -0.158017, 10.611103
0.375890, -0.380678, 10.795456
-0.380678, -0.746991, 10.180145
0.804452, 0.440533, 10.666168
-0.093374, 0.260968, 10.199299
0.548272, -0.165200, 10.491394
0.335188, -0.653617, 10.857704
-0.131681, -0.670377, 10.005371
0.986411, 0.198719, 10.879253
-0.217872, -0.270545, 10.398018
0.675165, -0.011971, 10.836159
0.059855, -0.639252, 10.565613
0.009577, -0.713472, 10.307037
0.830788, 0.502782, 11.140221
-0.098162, 0.100556, 10.048466
0.854730, -0.550666, 10.611103
-0.052672, -0.799664, 10.618286
0.122104, -0.758962, 10.615891
0.852336, 0.567426, 10.960655
-0.213084, -0.320823, 9.864113
0.670377, -0.464475, 11.056423
-0.105345, -0.687136, 10.330982
0.335188, -0.442927, 10.132263
0.857124, 0.548272, 10.675747
-0.234632, -0.493206, 10.058041
0.778116, -0.234632, 11.042061
-0.162806, -0.775721, 10.292675
0.296881, -0.718261, 10.582371
0.672771, 0.768539, 11.233597
-0.356736, -0.272939, 9.864113
0.871490, -0.294487, 10.802639
-0.383072, -0.584185, 10.261551
0.349553, -0.368707, 10.378864
0.703895, 1.086967, 11.104309
-0.493206, -0.186748, 9.773132
0.905008, -0.524330, 11.224018
-0.332794, -0.318429, 10.388443
0.457293, -0.351948, 10.055649
0.567426, 0.871490, 11.200077
-0.270545, -0.289698, 9.976639
0.818817, -0.505177, 10.833763
-0.306458, -0.311246, 10.127472
0.450110, -0.050278, 10.670959
0.656011, -0.220267, 10.615891
0.356736, 0.330400, 10.685322
-0.155623, -0.548272, 10.007763
0.636858, -0.193930, 10.948685
-0.074220, 0.035913, 10.333374
0.524330, 0.375890, 10.484211
0.076614, -0.026336, 11.030087
0.189142, -0.897826, 10.220848
0.476446, -0.004788, 10.635044
-0.184354, -0.026336, 10.220848
0.612916, 0.205901, 10.510548
0.234632, -0.095768, 10.589554
0.067038, -0.481235, 10.216061
0.268151, 0.237026, 10.893620
-0.067038, -0.232238, 10.436325
0.787692, 0.557849, 10.649410
-0.205901, -0.244209, 10.165779
0.347159, -0.514753, 10.469845
0.284910, 0.268151, 10.773907
-0.026336, 0.081403, 9.792286
0.785298, 0.962469, 10.606316
-0.232238, -0.414197, 10.244789
0.469264, -0.232238, 10.369289
0.146046, 0.225055, 10.591949
0.052672, 0.203507, 10.232819
0.758962, 0.459687, 11.008541
-0.210690, -0.696713, 10.139446
0.320823, -0.155623, 10.505756
0.241814, 0.225055, 10.773907
0.229843, 0.146046, 10.065224
0.691924, 0.562637, 10.946289
-0.395043, -0.577003, 10.254368
0.586579, -0.445322, 10.773907
0.225055, 0.299275, 10.644623
0.126893, -0.155623, 10.242397
0.763750, 0.725443, 10.900803
-0.239420, -0.667982, 9.830593
0.840365, -0.280122, 10.596737
-0.064643, -0.047884, 10.512939
0.347159, -0.055067, 10.113110
0.742203, 0.402226, 11.025299
-0.562637, -1.007959, 9.955090
0.916979, -0.150835, 10.795456
0.045490, 0.581791, 10.546459
0.509965, 0.146046, 10.455479
0.696713, 0.047884, 11.238384
-0.371101, -0.651223, 9.818623
0.960075, -0.280122, 10.503365
0.004788, 0.380678, 10.807426
0.313640, 0.155623, 10.620678
0.660800, 0.055067, 10.975021
-0.311246, -0.785298, 9.737217
0.888249, 0.098162, 10.972626
0.002394, 0.483629, 10.673351
0.521936, 0.244209, 10.335770
0.442927, -0.277727, 10.651806
-0.296881, -1.168370, 10.103531
0.830788, 0.023942, 11.039665
-0.052672, 0.677559, 10.402805
0.541090, 0.064643, 10.505756
0.292093, -0.691924, 11.168953
-0.150835, -0.782904, 10.304646
0.787692, 0.038307, 10.488998
-0.126893, 0.361524, 10.584766
0.615310, -0.043096, 10.824188
0.093374, -0.756568, 10.635044
-0.112527, -0.885855, 9.933544
0.799664, 0.225055, 10.960655
0.055067, 0.402226, 10.551247
0.639252, -0.205901, 10.285492
0.000000, -1.024718, 10.249577
0.033519, -0.780510, 10.656593
0.818817, 0.593762, 10.726025
-0.282516, 0.196325, 9.811440
0.548272, -0.586579, 10.611103
0.150835, -1.015141, 10.599133
0.186748, -0.407014, 10.431538
0.636858, 0.696713, 10.785881
-0.347159, -0.380678, 10.268730
0.684742, -0.667982, 11.077972
-0.174777, -0.593762, 10.103531
0.146046, -0.399832, 10.290279
0.636858, 0.943316, 11.056423
-0.203507, -0.442927, 10.175358
0.749385, -0.440533, 10.733208
-0.368707, -0.620098, 10.122684
0.359130, -0.663194, 10.805035
0.612916, 0.823606, 10.783485
-0.373495, -0.287304, 9.607933
0.715866, -0.203507, 10.898407
-0.390255, -0.751779, 10.211269
0.435745, -0.332794, 10.366894
0.440533, 0.962469, 10.845734
-0.347159, -0.335188, 10.108318
0.995988, -0.648829, 11.042061
-0.483629, -0.493206, 10.342953
0.433351, -0.471658, 10.110714
0.663194, 1.187524, 11.149799
-0.270545, -0.553061, 9.828197
0.962469, -0.471658, 10.560825
-0.481235, -0.174777, 10.163387
0.615310, -0.172383, 10.512939
0.543484, 0.696713, 10.896011
-0.244209, -0.354342, 9.844959
0.811635, -0.210690, 10.814610
-0.299275, -0.639252, 10.149021
0.670377, 0.323217, 10.503365
0.363919, 0.799664, 10.809822
-0.052672, -0.569820, 10.043678
0.845153, -0.538695, 10.881649
-0.526724, -0.342371, 10.433933
0.696713, 0.756568, 10.618286
0.481235, 0.746991, 10.565613
0.100556, -0.605733, 10.237606
0.428562, -0.536301, 10.517727
-0.155623, -0.088585, 9.883266
0.993594, 0.742203, 10.345345
0.299275, 0.055067, 10.548855
0.031125, -0.612916, 10.371681
0.548272, -0.332794, 10.644623
-0.014365, -0.019154, 10.247185
0.861913, 0.957681, 10.838551
0.021548, -0.026336, 10.438721
0.347159, -0.869095, 10.352528
0.450110, -0.342371, 10.838551
0.028730, 0.100556, 10.362106
0.881066, 0.984017, 10.522518
-0.110133, -0.349553, 10.048466
0.308852, -0.574608, 10.534489
0.459687, 0.107739, 10.761936
0.126893, 0.354342, 9.806652
0.900220, 0.866701, 10.843342
-0.143652, -0.871490, 9.971851
0.612916, -0.435745, 10.319012
0.478840, 0.359130, 10.244789
0.158017, 0.114922, 10.007763
0.842759, 1.036689, 11.370064
-0.208296, -0.773327, 10.211269
0.550666, -0.632069, 10.196907
0.296881, 0.126893, 10.838551
0.148441, 0.428562, 10.431538
0.909797, 0.763750, 10.754753
-0.435745, -0.684742, 9.665394
0.744597, -0.577003, 10.601524
0.304064, 0.416591, 10.773907
0.251391, 0.320823, 9.806652
0.648829, 0.385466, 11.207260
-0.438139, -1.094150, 10.151417
0.823606, -0.428562, 10.651806
0.174777, 0.672771, 10.563217
-0.031125, 0.016759, 10.407597
0.735020, 0.162806, 11.537659
-0.229843, -0.883461, 9.521740
0.636858, -0.107739, 10.639832
0.009577, 0.146046, 11.123463
0.371101, -0.158017, 10.505756
0.593762, -0.107739, 10.953472
-0.577003, -1.177948, 9.864113
0.598551, -0.119710, 10.943897
0.081403, 0.859519, 10.508152
0.193930, 0.110133, 9.947910
0.634464, -0.454898, 10.714054
-0.395043, -1.010353, 10.314220
0.711078, -0.509965, 10.577583
-0.088585, 0.749385, 10.508152
0.397438, 0.021548, 10.673351
0.313640, -0.679953, 11.192894
-0.270545, -0.979228, 9.840168
0.723049, 0.253785, 10.556034
-0.117316, 0.521936, 10.752361
0.629675, -0.246603, 10.556034
0.038307, -0.679953, 10.522518
-0.368707, -0.931345, 10.022129
0.873884, 0.299275, 11.152191
-0.100556, 0.428562, 10.350136
0.521936, -0.282516, 10.292675
0.148441, -0.758962, 10.860100
-0.028730, -0.751779, 10.419567
0.708684, 0.454898, 10.493786
-0.351948, -0.098162, 9.667786
0.737414, -0.217872, 10.862495
-0.201113, -1.039083, 10.395626
0.009577, -0.912191, 10.338165
0.730232, 0.799664, 10.972626
-0.287304, -0.155623, 10.254368
0.809240, -0.656011, 10.931927
-0.363919, -0.799664, 10.340557
0.146046, -0.706290, 10.247185
0.893037, 0.756568, 11.063606
-0.258574, 0.119710, 10.024525
0.675165, -0.610522, 10.929531
-0.335188, -0.744597, 10.261551
0.390255, -0.857124, 10.395626
0.730232, 1.132457, 11.293449
-0.469264, -0.028730, 9.761162
0.883461, -0.497994, 10.687717
-0.265756, -0.679953, 10.479420
0.289698, -0.538695, 10.201694
0.742203, 1.309628, 11.159374
-0.289698, -0.301669, 9.890450
0.866701, -0.744597, 11.082760
-0.304064, -0.430956, 10.647015
0.505177, -0.110133, 10.436325
0.545878, 0.974440, 11.367672
-0.272939, -0.684742, 10.175358
0.914585, -0.205901, 10.929531
-0.316035, -0.253785, 10.146626
0.521936, 0.203507, 10.472240
0.624887, 0.672771, 11.262325
-0.047884, -0.457293, 10.153809
0.794875, -0.529119, 10.589554
-0.172383, -0.265756, 10.601524
0.665588, 0.294487, 10.675747
0.474052, 0.545878, 10.833763
0.016759, -0.787692, 10.012550
0.591368, -0.531513, 10.953472
-0.002394, -0.031125, 10.797852
0.742203, 0.411803, 10.405201
0.186748, 0.102951, 10.840946
0.213084, -0.794875, 10.615891
0.502782, 0.028730, 10.826580
0.071826, -0.043096, 10.093956
0.763750, 0.287304, 10.560825
0.122104, -0.387861, 10.639832
0.363919, -0.584185, 10.175358
0.399832, 0.476446, 10.362106
0.019154, -0.093374, 10.570400
0.837971, 0.694319, 11.010933
0.038307, -0.581791, 10.077194
0.476446, -0.210690, 10.623074
0.282516, 0.086191, 10.896011
0.143652, -0.169988, 10.058041
0.842759, 1.019930, 10.630257
-0.409409, -0.756568, 10.019733
0.617704, -0.114922, 10.912773
0.208296, 0.330400, 10.692505
0.136469, 0.074220, 9.885658
0.926556, 0.979228, 11.209652
-0.325611, -0.809240, 10.153809
0.610522, -0.593762, 10.295067
0.112527, 0.203507, 10.278309
0.153229, 0.014365, 10.383652
0.682348, 0.612916, 11.111492
-0.387861, -0.739808, 9.931149
0.603339, -0.045490, 10.864887
0.131681, 0.079009, 10.824188
0.351948, -0.045490, 10.402805
0.521936, 0.509965, 10.864887
-0.450110, -1.055843, 9.739613
0.866701, -0.205901, 10.903194
0.014365, 0.126893, 10.484211
0.131681, 0.102951, 10.333374
0.531513, 0.435745, 11.231201
-0.301669, -0.849942, 10.024525
0.785298, 0.059855, 10.831367
-0.280122, 0.217872, 10.666168
0.414197, -0.047884, 10.666168
0.648829, 0.007183, 10.912773
-0.481235, -0.811635, 9.591171
0.900220, -0.014365, 10.625469
-0.193930, 0.380678, 10.405201
0.442927, -0.019154, 10.486603
0.339977, -0.138864, 10.996571
-0.538695, -0.964863, 10.177753
0.818817, -0.373495, 10.965443
-0.184354, 0.581791, 10.352528
0.476446, 0.031125, 10.503365
0.438139, -0.555455, 10.850521
-0.225055, -1.221043, 10.180145
0.663194, 0.055067, 10.922348
-0.095768, 0.457293, 10.553642
0.483629, -0.198719, 10.805035
0.150835, -0.725443, 10.953472
-0.272939, -0.711078, 10.213665
0.967257, 0.426168, 10.884041
-0.009577, 0.203507, 10.247185
0.569820, -0.404620, 10.465057
0.047884, -0.770933, 10.510548
0.134075, -0.577003, 10.189724
0.754174, 0.234632, 10.781090
-0.263362, -0.299275, 10.163387
0.725443, -0.122104, 10.986992
-0.179565, -0.687136, 10.465057
0.193930, -0.799664, 10.560825
0.878672, 0.888249, 10.996571
-0.277727, 0.023942, 9.684547
0.859519, -0.641646, 10.860100
-0.117316, -0.706290, 10.453087
0.282516, -0.311246, 10.690113
0.720655, 0.744597, 10.826580
-0.181959, -0.500388, 10.029312
0.581791, -0.598551, 10.984596
-0.038307, -0.299275, 10.381260
0.469264, -0.114922, 10.271126
0.629675, 0.773327, 10.975021
-0.409409, -0.794875, 10.201694
0.797269, -0.172383, 10.872070
-0.136469, -0.538695, 10.158600
0.426168, -0.483629, 10.812214
0.533907, 0.823606, 11.379642
-0.122104, -0.739808, 9.773132
0.799664, -0.234632, 10.879253
-0.371101, -0.354342, 10.445904
0.593762, -0.225055, 10.450691
0.440533, 0.955287, 10.723629
-0.193930, -0.658406, 9.782707
0.818817, -0.169988, 11.168953
-0.225055, -0.265756, 10.323799
0.481235, -0.172383, 10.354923
0.318429, 0.713472, 11.427525
-0.021548, -0.866701, 10.180145
0.842759, 0.026336, 10.797852
-0.445322, -0.260968, 10.113110
0.758962, 0.332794, 10.726025
0.440533, 0.751779, 11.080368
-0.067038, -0.579397, 9.907207
0.567426, -0.237026, 10.647015
-0.222661, -0.210690, 10.546459
0.622493, 0.328006, 10.584766
0.198719, 0.411803, 10.627861
-0.093374, -0.581791, 10.127472
0.644040, -0.057461, 10.965443
-0.098162, -0.114922, 9.995792
0.663194, 0.828394, 10.309433
0.045490, -0.119710, 10.675747
0.330400, -0.792481, 10.620678
0.308852, -0.253785, 10.807426
-0.234632, -0.069432, 10.266338
0.742203, 0.457293, 10.876858
0.000000, -0.447716, 10.453087
0.311246, -0.474052, 10.263943
0.165200, 0.351948, 10.618286
0.181959, -0.122104, 10.333374
0.900220, 0.845153, 10.996571
-0.557849, -0.569820, 10.010159
0.466869, -0.593762, 10.563217
0.258574, 0.083797, 10.706871
0.160412, 0.090980, 9.962273
0.696713, 0.974440, 10.807426
0.715866, 0.565032, 11.015724
-0.337582, -1.058237, 10.278309
0.533907, -0.495600, 10.534489
0.301669, 0.380678, 10.465057
0.217872, 0.239420, 10.319012
0.577003, 0.268151, 11.006145
-0.344765, -0.751779, 10.160992
0.737414, -0.088585, 10.589554
0.227449, 0.323217, 10.620678
0.332794, 0.014365, 10.414780
0.689530, 0.481235, 11.109097
-0.208296, -1.077391, 9.981426
0.723049, -0.328006, 10.776302
0.023942, 0.308852, 10.608707
0.251391, 0.208296, 10.196907
0.646435, 0.289698, 10.989388
-0.404620, -1.151611, 10.103531
0.723049, -0.093374, 10.970234
0.019154, 0.483629, 10.764332
0.368707, -0.050278, 10.632652
0.605733, -0.280122, 11.185711
-0.464475, -0.799664, 10.172962
0.943316, -0.205901, 10.536880
0.028730, 0.572214, 10.828976
0.260968, -0.100556, 10.661381
0.514753, -0.402226, 10.848129
-0.160412, -0.699107, 10.081985
0.672771, -0.177171, 10.941502
0.043096, 0.375890, 10.749966
0.469264, 0.055067, 10.280704
0.378284, -0.598551, 10.608707
-0.074220, -1.106121, 10.146626
0.742203, 0.560243, 11.070789
0.081403, 0.265756, 10.211269
0.641646, -0.270545, 10.644623
0.124499, -0.584185, 11.089943
-0.014365, -0.754174, 10.395626
0.682348, 0.481235, 10.484211
-0.162806, 0.071826, 10.256760
0.821211, -0.131681, 10.797852
-0.043096, -0.653617, 10.070011
0.158017, -0.778116, 9.873688
0.751779, 0.581791, 10.819397
-0.119710, -0.114922, 10.247185
0.751779, -0.289698, 10.749966
-0.344765, -0.830788, 10.522518
0.119710, -0.847548, 10.939110
0.912191, 0.895432, 10.967838
-0.270545, -0.038307, 9.864113
0.670377, -0.629675, 10.814610
-0.196325, -0.833182, 10.498573
0.373495, -0.543484, 10.453087
0.612916, 0.821211, 10.649410
-0.457293, -0.486023, 10.223244
0.936133, -0.339977, 11.384430
-0.380678, -0.718261, 10.043678
0.325611, -0.579397, 10.081985
0.763750, 1.376666, 11.314999
-0.371101, -0.629675, 9.847351
0.888249, -0.342371, 10.831367
-0.615310, -0.744597, 9.773132
0.553061, -0.663194, 10.680534
0.572214, 1.134851, 11.080368
-0.339977, -0.227449, 9.832989
0.644040, -0.466869, 11.276691
-0.395043, -0.646435, 10.505756
0.622493, 0.045490, 10.386047
0.495600, 1.455675, 10.855312
-0.481235, -0.588974, 9.878475
0.881066, -0.708684, 10.972626
-0.505177, -0.538695, 10.105927
0.603339, 0.275333, 10.417171
0.368707, 1.053449, 11.420341
-0.196325, -0.940921, 9.979034
0.706290, -0.454898, 10.769119
-0.557849, 0.009577, 10.091560
0.696713, 0.395043, 10.690113
0.366313, 0.502782, 11.030087
-0.330400, -1.077391, 9.864113
0.744597, -0.299275, 10.972626
-0.275333, -0.390255, 10.139446
0.780510, 0.565032, 10.603920
0.124499, 0.325611, 10.807426
0.007183, -0.890643, 10.321404
0.557849, -0.114922, 11.049240
-0.318429, -0.179565, 10.172962
0.849942, 0.794875, 10.582371
0.208296, -0.153229, 10.548855
0.292093, -0.881066, 10.510548
0.438139, 0.050278, 10.589554
-0.074220, 0.043096, 10.079590
0.905008, 0.706290, 10.682930
-0.117316, -0.375890, 10.321404
0.292093, -0.627281, 10.266338
0.450110, 0.296881, 10.541672
-0.028730, -0.205901, 10.160992
0.873884, 1.005565, 11.003750
-0.339977, -0.442927, 10.125080
0.632069, -0.533907, 10.515335
0.347159, 0.251391, 10.898407
0.031125, 0.076614, 10.024525
1.051054, 1.003170, 10.802639
-0.361524, -0.725443, 9.952698
0.581791, -0.823606, 10.718842
0.268151, 0.469264, 10.611103
0.062249, 0.196325, 9.782707
0.948104, 0.711078, 11.087547
-0.366313, -0.866701, 10.125080
0.727837, -0.493206, 10.661381
0.351948, 0.248997, 10.323799
0.210690, -0.181959, 10.335770
0.967257, 0.797269, 11.508930
-0.481235, -0.957681, 9.888054
0.684742, -0.605733, 10.488998
0.169988, 0.349553, 10.963051
0.265756, 0.181959, 10.500969
1.086967, 0.694319, 11.063606
-0.598551, -1.082179, 9.739613
0.866701, -0.821211, 10.915165
0.158017, 0.687136, 10.764332
0.265756, 0.351948, 9.725246
0.715866, 0.299275, 10.907982
-0.543484, -1.003170, 10.146626
0.876278, -0.375890, 10.836159
0.002394, 0.830788, 10.563217
0.275333, -0.009577, 10.524910
0.780510, -0.081403, 11.611877
-0.512359, -1.019930, 9.730038
0.802058, -0.177171, 10.553642
-0.059855, 0.397438, 10.828976
0.414197, -0.057461, 10.603920
0.490811, -0.222661, 10.687717
-0.502782, -1.144428, 9.787498
0.756568, -0.023942, 11.235989
0.028730, 0.727837, 10.723629
0.282516, 0.126893, 10.022129
0.423774, -0.521936, 10.814610
-0.488417, -1.386243, 10.354923
0.790087, -0.110133, 10.680534
-0.079009, 0.993594, 10.321404
0.440533, -0.227449, 10.685322
0.102951, -0.852336, 11.367672
-0.339977, -1.187524, 10.527306
0.584185, 0.565032, 11.022903
-0.172383, 0.517148, 10.668564
0.569820, -0.514753, 10.819397
-0.114922, -0.849942, 10.479420
-0.062249, -0.876278, 10.177753
0.861913, 0.548272, 10.994175
-0.215478, 0.079009, 10.172962
0.430956, -0.610522, 10.529701
0.639252, -0.390255, 10.941502
-0.045490, -0.794875, 10.649410
0.160412, -0.529119, 10.584766
0.433351, 1.161188, 11.135433
-0.373495, -0.790087, 10.204086
0.687136, -0.526724, 11.303028
-0.356736, -0.349553, 10.369289
0.275333, -0.430956, 10.512939
0.632069, 0.854730, 11.413158
-0.215478, -0.598551, 10.079590
0.691924, -0.351948, 11.030087
-0.253785, -0.318429, 10.204086
0.414197, -0.648829, 10.596737
0.313640, 1.034295, 11.492168
-0.284910, -0.531513, 10.165779
0.732626, -0.323217, 11.106701
-0.215478, -0.414197, 10.623074
0.344765, -0.390255, 10.541672
0.591368, 1.096544, 11.338940
-0.079009, -0.883461, 9.921574
0.672771, -0.201113, 11.276691
-0.304064, -0.330400, 10.666168
0.550666, 0.002394, 10.572796
0.493206, 0.603339, 11.075577
0.019154, -0.833182, 10.192116
0.821211, 0.332794, 10.855312
-0.282516, -0.323217, 10.151417
0.758962, 0.416591, 10.673351
0.466869, 0.493206, 11.116280
0.000000, -0.629675, 10.218452
0.639252, -0.260968, 10.661381
-0.162806, -0.299275, 10.436325
0.916979, 0.656011, 10.955868
0.323217, 0.416591, 10.778698
0.146046, -0.809240, 10.445904
0.244209, -0.433351, 11.046848
0.031125, 0.050278, 10.467449
0.866701, 0.857124, 10.577583
0.086191, -0.062249, 10.658985
0.344765, -0.960075, 10.869675
0.373495, 0.050278, 11.020512
0.100556, 0.110133, 10.072407
0.849942, 0.847548, 10.802639
-0.016759, -0.550666, 10.556034
0.440533, -0.572214, 10.330982
0.289698, 0.198719, 10.117897
0.210690, -0.081403, 10.249577
0.861913, 0.885855, 10.986992
-0.162806, -0.919374, 10.019733
0.565032, -0.205901, 10.757149
0.270545, 0.191536, 10.840946
0.311246, -0.009577, 10.409988
0.715866, 0.684742, 10.891224
-0.612916, -1.010353, 10.172962
0.794875, -0.627281, 10.972626
0.258574, 0.538695, 10.623074
0.383072, 0.237026, 9.804256
0.636858, 0.584185, 11.161770
-0.229843, -0.938527, 10.127472
0.706290, -0.270545, 10.512939
0.014365, 0.251391, 10.309433
0.371101, -0.035913, 10.599133
0.644040, 0.500388, 11.039665
-0.359130, -1.163582, 9.679756
0.730232, -0.141258, 10.733208
0.021548, 0.490811, 10.817005
0.304064, -0.260968, 10.611103
0.395043, 0.447716, 11.032482
-0.445322, -1.194707, 10.199299
0.893037, -0.067038, 11.271904
-0.023942, 0.124499, 10.484211
0.275333, -0.172383, 10.445904
0.292093, -0.031125, 11.154587
-0.284910, -1.058237, 10.153809
0.677559, 0.227449, 11.006145
-0.332794, 0.330400, 10.582371
0.399832, -0.438139, 10.749966
0.378284, -0.320823, 11.075577
-0.390255, -1.091756, 9.804256
0.708684, 0.090980, 10.814610
-0.131681, 0.260968, 10.505756
0.502782, -0.514753, 10.611103
-0.019154, -0.167594, 10.805035
-0.287304, -1.130063, 10.398018
0.861913, 0.402226, 11.343727
-0.198719, 0.160412, 10.393230
0.505177, -0.392649, 10.477028
0.141258, -0.349553, 10.747574
0.088585, -1.101333, 10.067619
0.600945, 0.608127, 10.802639
-0.196325, 0.019154, 10.000580
0.699107, -0.495600, 10.651806
-0.160412, -0.574608, 10.843342
0.052672, -0.624887, 10.503365
0.785298, 0.785298, 11.015724
-0.227449, -0.392649, 10.089165
0.689530, -0.718261, 11.018116
-0.215478, -0.442927, 10.477028
0.258574, -0.435745, 10.398018
0.684742, 0.380678, 11.118675
-0.347159, -0.897826, 10.247185
0.840365, -0.071826, 11.070789
-0.330400, -0.418985, 10.192116
0.588974, -0.739808, 10.867283
0.543484, 1.005565, 11.468227
-0.383072, -0.864307, 9.813835
0.912191, -0.193930, 11.161770
-0.533907, -0.878672, 10.249577
0.725443, -0.778116, 10.627861
0.605733, 1.467646, 11.063606
-0.172383, -0.914585, 9.768345
0.754174, -0.438139, 11.408371
-0.332794, -0.289698, 10.216061
0.665588, -0.385466, 10.400414
0.390255, 1.297657, 11.235989
-0.155623, -0.928950, 10.084377
0.821211, 0.035913, 11.070789
-0.392649, -0.469264, 9.902420
0.802058, -0.270545, 10.766727
0.488417, 1.441309, 11.693283
-0.155623, -0.924162, 9.835381
0.782904, -0.146046, 11.003750
-0.407014, -0.260968, 10.793060
0.780510, -0.086191, 10.809822
0.426168, 1.024718, 10.745178
0.033519, -0.876278, 9.643845
0.732626, 0.055067, 11.190498
-0.222661, -0.320823, 10.137051
0.854730, 0.490811, 10.625469
0.136469, 0.658406, 11.135433
0.162806, -1.419762, 10.714054
0.509965, 0.057461, 10.958263
-0.172383, -0.134075, 10.199299
0.787692, 0.452504, 10.934319
0.167594, 0.306458, 11.042061
0.184354, -0.991199, 10.002975
0.251391, 0.160412, 10.845734
0.062249, -0.035913, 10.491394
0.909797, 0.464475, 10.778698
-0.074220, -0.198719, 10.455479
0.234632, -0.919374, 10.402805
0.361524, 0.332794, 11.049240
0.268151, 0.016759, 10.103531
0.653617, 0.749385, 10.249577
-0.169988, -0.608127, 10.488998
0.586579, -0.837971, 10.797852
0.213084, 0.375890, 10.896011
0.079009, -0.337582, 10.292675
0.873884, 0.811635, 11.145008
-0.150835, -0.998382, 10.333374
0.591368, -0.311246, 10.658985
-0.062249, 0.749385, 10.438721
0.476446, -0.332794, 10.194511
0.821211, 1.024718, 11.066002
-0.593762, -0.957681, 9.603142
0.770933, -0.735020, 10.668564
0.007183, 0.454898, 10.687717
0.323217, -0.311246, 9.952698
0.598551, 0.912191, 11.056423
-0.363919, -0.998382, 10.132263
0.718261, -0.454898, 10.812214
-0.062249, 0.392649, 10.378864
0.459687, -0.129287, 10.144234
0.723049, 0.629675, 11.106701
-0.416591, -1.563414, 10.199299
0.660800, -0.435745, 10.809822
-0.009577, 0.646435, 10.591949
0.418985, -0.138864, 10.467449
0.483629, 0.533907, 11.118675
-0.462081, -0.974440, 9.746796
0.861913, -0.083797, 10.661381
-0.079009, 0.332794, 10.577583
0.509965, -0.260968, 10.393230
0.433351, 0.514753, 11.034878
-0.342371, -1.244985, 9.789890
0.840365, -0.134075, 11.073185
-0.169988, 0.205901, 10.632652
0.653617, 0.002394, 10.376472
0.258574, 0.076614, 11.001358
-0.260968, -1.446098, 10.204086
0.739808, 0.093374, 10.699688
-0.131681, 0.826000, 10.381260
0.663194, -0.167594, 10.409988
0.239420, -0.186748, 11.109097
-0.112527, -1.221043, 10.029312
0.871490, 0.119710, 10.721237
-0.038307, 0.426168, 10.702084
0.689530, -0.222661, 10.460266
0.081403, -0.294487, 10.745178
-0.004788, -1.149217, 9.911995
0.691924, 0.457293, 11.075577
0.009577, 0.560243, 10.690113
0.696713, -0.447716, 10.268730
-0.093374, -0.596156, 10.828976
0.138864, -1.482011, 10.594341
0.691924, 0.644040, 10.929531
0.088585, 0.442927, 10.072407
0.715866, -0.409409, 10.601524
-0.294487, -0.723049, 10.975021
0.392649, -0.823606, 10.606316
0.591368, 0.787692, 10.635044
0.028730, -0.069432, 10.414780
0.785298, -0.524330, 11.049240
-0.213084, -0.840365, 10.275913
0.395043, -0.620098, 10.189724
0.500388, 0.986411, 10.982204
0.052672, -0.416591, 10.304646
0.691924, -0.378284, 10.493786
-0.385466, -0.739808, 10.268730
0.507571, -0.778116, 10.943897
0.677559, 1.285686, 11.238384
-0.229843, -0.675165, 9.969456
0.538695, -0.481235, 11.128250
-0.229843, -0.658406, 10.836159
0.646435, -0.191536, 10.532093
0.316035, 1.106121, 10.692505
-0.227449, -0.888249, 10.163387
0.713472, -0.318429, 11.525688
-0.308852, -0.430956, 10.172962
0.407014, -0.155623, 10.575188
0.414197, 1.240197, 11.583149
-0.136469, -1.187524, 10.254368
0.608127, -0.124499, 10.769119
-0.538695, -0.612916, 9.864113
0.679953, -0.356736, 10.690113
0.378284, 0.952892, 11.295845
-0.148441, -0.833182, 10.002975
0.519542, 0.093374, 11.003750
-0.342371, -0.675165, 10.975021
0.751779, 0.119710, 10.575188
0.292093, 1.199495, 10.807426
0.067038, -1.122880, 10.050858
0.658406, -0.222661, 11.010933
-0.395043, -0.476446, 10.060436
0.670377, 0.519542, 10.345345
0.423774, 1.024718, 11.089943
0.035913, -1.139640, 10.251972
0.411803, -0.169988, 10.673351
-0.440533, -0.136469, 10.211269
0.988805, 0.440533, 11.046848
0.198719, 0.462081, 10.872070
-0.016759, -1.060631, 9.943119
0.514753, 0.086191, 10.778698
-0.256180, -0.428562, 10.283096
0.869095, 0.881066, 10.986992
-0.102951, 0.167594, 10.613495
0.301669, -1.118092, 10.460266
0.234632, -0.114922, 10.891224
-0.043096, -0.253785, 10.211269
1.063025, 1.357512, 10.682930
-0.079009, -0.148441, 10.299858
0.368707, -1.180342, 10.553642
0.038307, -0.114922, 10.527306
0.033519, 0.122104, 9.945515
1.096544, 1.034295, 11.001358
-0.332794, -0.758962, 10.441113
0.390255, -1.218649, 10.809822
0.179565, 0.579397, 10.522518
0.344765, 0.000000, 10.153809
1.051054, 0.986411, 11.247959
-0.562637, -0.667982, 10.084377
0.505177, -1.381454, 10.366894
0.342371, 0.447716, 10.888828
0.205901, 0.117316, 10.122684
0.991199, 0.940921, 11.037270
-0.466869, -0.893037, 9.926361
0.687136, -0.713472, 11.022903
0.282516, 0.916979, 10.651806
0.328006, 0.045490, 9.751583
0.854730, 0.648829, 11.264721
-0.500388, -1.326388, 10.177753
0.787692, -0.792481, 10.869675
0.337582, 1.019930, 10.436325
0.189142, -0.191536, 10.503365
0.758962, 0.550666, 11.880032
-0.328006, -0.921768, 10.017342
0.696713, -0.471658, 10.714054
0.043096, 0.380678, 10.924744
0.430956, -0.088585, 10.594341
0.720655, 0.282516, 11.125854
-0.512359, -1.264139, 9.816227
0.746991, -0.656011, 11.259930
0.067038, 0.895432, 11.408371
0.248997, -0.260968, 10.172962
0.507571, 0.028730, 11.353306
-0.284910, -1.165976, 10.319012
0.830788, -0.328006, 10.845734
-0.081403, 0.756568, 10.637440
0.332794, -0.579397, 10.477028
0.577003, -0.265756, 11.429920
-0.299275, -1.175553, 10.110714
0.512359, 0.395043, 11.097126
-0.122104, 0.282516, 10.934319
0.639252, -0.521936, 10.771515
0.179565, -0.165200, 10.783485
-0.311246, -1.041478, 10.137051
0.684742, 0.378284, 11.243172
0.146046, 0.368707, 10.584766
0.509965, -0.328006, 10.556034
-0.088585, -0.541090, 10.800243
0.043096, -1.259350, 10.699688
0.830788, 0.560243, 11.032482
-0.215478, 0.169988, 9.856930
0.708684, -0.344765, 10.848129
-0.277727, -0.691924, 11.188107
0.090980, -1.065420, 10.362106
0.529119, 0.938527, 11.168953
-0.210690, -0.196325, 10.697292
0.835577, -0.780510, 11.188107
-0.452504, -0.603339, 10.639832
0.201113, -0.931345, 10.570400
0.667982, 1.000776, 11.408371
-0.198719, -0.679953, 9.883266
0.703895, -0.390255, 10.891224
-0.512359, -0.450110, 10.426750
0.543484, -0.933739, 10.869675
0.497994, 0.962469, 11.097126
-0.328006, -0.713472, 9.880871
0.699107, -0.208296, 11.616669
-0.442927, -0.787692, 10.601524
0.378284, -0.610522, 10.635044
0.383072, 1.280898, 11.379642
-0.296881, -0.837971, 10.309433
0.725443, -0.495600, 11.542446
-0.634464, -0.476446, 10.544064
0.490811, -0.428562, 10.462662
0.569820, 1.441309, 11.487381
-0.179565, -0.883461, 9.974243
0.524330, -0.457293, 10.802639
-0.488417, -0.174777, 10.419567
0.708684, -0.423774, 10.424355
0.241814, 1.209072, 11.346123
-0.105345, -0.615310, 9.911995
0.593762, -0.438139, 10.893620
-0.320823, -0.347159, 10.840946
0.754174, 0.114922, 10.896011
0.282516, 1.225832, 11.384430
0.055067, -1.285686, 10.134655
0.409409, -0.359130, 11.195290
-0.196325, -0.229843, 10.398018
0.797269, 0.402226, 10.575188
0.184354, 0.387861, 10.845734
0.213084, -0.960075, 10.388443
0.433351, 0.234632, 10.891224
0.038307, -0.009577, 10.261551
0.763750, 0.363919, 10.821793
0.129287, -0.177171, 10.905590
0.395043, -0.950498, 10.228031
0.385466, 0.136469, 10.472240
0.062249, -0.328006, 10.565613
0.847548, 0.758962, 11.008541
0.038307, -0.265756, 10.551247
0.392649, -0.656011, 10.572796
0.093374, 0.234632, 11.058819
0.351948, -0.246603, 10.579979
0.804452, 0.859519, 10.589554
-0.244209, -0.577003, 10.139446
0.708684, -0.620098, 10.941502
0.150835, 0.584185, 10.577583
0.442927, -0.136469, 9.737217
0.739808, 0.928950, 11.101913
-0.253785, -1.058237, 10.553642
0.715866, -0.390255, 10.857704
0.100556, 0.474052, 10.426750
0.452504, -0.373495, 10.536880
0.588974, 0.763750, 11.250355
-0.213084, -1.122880, 9.991005
0.737414, 0.086191, 10.718842
0.086191, 0.205901, 10.888828
0.497994, -0.289698, 10.508152
0.644040, 0.792481, 11.058819
-0.567426, -1.276110, 10.151417
0.826000, -0.450110, 11.212048
-0.071826, 0.758962, 10.627861
0.397438, -0.114922, 9.995792
0.605733, 0.790087, 11.185711
-0.287304, -1.146822, 10.247185
0.837971, -0.356736, 10.821793
-0.304064, 0.387861, 10.656593
0.440533, -0.536301, 10.793060
0.476446, 0.505177, 11.449074
-0.421380, -1.400608, 9.686939
0.842759, 0.213084, 10.711658
-0.263362, 0.471658, 10.812214
0.660800, -0.311246, 10.817005
0.167594, 0.339977, 10.927135
-0.318429, -1.185130, 9.957485
0.859519, 0.095768, 11.379642
-0.227449, -0.011971, 10.510548
0.416591, -0.241814, 10.699688
0.016759, 0.148441, 11.173740
0.100556, -1.086967, 10.352528
0.632069, 0.474052, 10.840946
-0.500388, 0.088585, 10.153809
0.763750, -0.354342, 10.685322
-0.102951, -0.205901, 10.951080
-0.172383, -1.498770, 10.218452
0.531513, 0.737414, 11.212048
-0.208296, 0.210690, 10.520123
0.723049, -0.670377, 10.922348
-0.313640, -0.304064, 10.718842
-0.009577, -1.283292, 10.338165
0.615310, 0.562637, 11.188107
-0.081403, -0.028730, 10.393230
0.495600, -0.366313, 10.850521
-0.256180, -0.557849, 10.611103
0.282516, -1.228226, 10.548855
0.593762, 0.914585, 10.852917
-0.232238, -0.227449, 10.012550
0.744597, -0.565032, 10.764332
-0.409409, -0.861913, 10.498573
0.404620, -0.624887, 10.503365
0.483629, 1.371878, 10.869675
-0.141258, -0.651223, 10.058041
0.565032, -0.737414, 11.269508
-0.390255, -0.555455, 10.527306
0.691924, -0.301669, 10.649410
0.385466, 0.876278, 11.176136
-0.172383, -1.039083, 10.117897
0.574608, -0.237026, 11.109097
-0.361524, -0.256180, 10.172962
0.624887, -0.282516, 10.872070
0.363919, 1.192313, 11.391613
-0.213084, -1.084573, 10.096348
0.651223, -0.158017, 11.386826
-0.368707, -0.725443, 10.402805
0.802058, -0.248997, 10.817005
0.316035, 1.170764, 11.123463
-0.162806, -1.228226, 10.055649
0.588974, 0.059855, 11.456257
-0.263362, -0.404620, 10.319012
0.711078, 0.074220, 10.611103
0.208296, 0.720655, 11.276691
0.095768, -1.189919, 10.424355
0.557849, 0.205901, 11.015724
-0.203507, -0.481235, 10.096348
0.699107, -0.055067, 10.821793
0.337582, 0.974440, 11.200077
0.062249, -0.979228, 9.832989
0.581791, 0.313640, 10.982204
-0.181959, -0.512359, 10.879253
0.744597, 0.258574, 10.972626
0.342371, 0.708684, 10.785881
0.241814, -0.960075, 10.220848
0.505177, 0.313640, 11.212048
-0.009577, -0.624887, 10.105927
0.972046, 0.835577, 10.752361
-0.007183, 0.256180, 10.773907
0.445322, -0.991199, 10.608707
0.328006, 0.189142, 10.850521
-0.052672, -0.418985, 10.172962
0.749385, 0.916979, 11.200077
0.189142, 0.069432, 10.754753
0.354342, -1.055843, 10.194511
0.155623, 0.102951, 10.608707
0.181959, -0.421380, 10.565613
0.976834, 1.134851, 10.833763
-0.169988, -0.268151, 10.338165
0.387861, -0.986411, 10.647015
0.083797, 0.201113, 11.032482
0.416591, -0.248997, 10.127472
0.600945, 1.177948, 10.625469
-0.248997, -0.739808, 10.453087
0.725443, -1.029507, 10.881649
0.038307, 0.445322, 10.579979
0.603339, -0.342371, 10.362106
0.694319, 0.995988, 11.202469
-0.603339, -1.161188, 9.583988
0.849942, -0.459687, 10.618286
0.033519, 0.608127, 10.565613
0.411803, -0.268151, 10.125080
0.407014, 1.149217, 11.149799
-0.423774, -1.400608, 10.290279
0.706290, -0.703895, 11.049240
-0.102951, 0.821211, 10.682930
0.344765, 0.143652, 10.457874
0.521936, 0.639252, 11.209652
-0.330400, -1.529895, 10.302250
0.519542, -0.213084, 10.800243
0.031125, 0.672771, 10.654198
0.416591, -0.213084, 10.474632
0.292093, 0.260968, 11.372459
-0.373495, -1.441309, 9.830593
0.711078, 0.136469, 10.730812
-0.081403, 0.529119, 10.668564
0.378284, -0.395043, 10.515335
0.337582, 0.371101, 11.202469
-0.095768, -1.369483, 9.974243
0.617704, -0.052672, 11.185711
-0.143652, -0.143652, 10.848129
0.509965, -0.117316, 10.694901
0.031125, -0.160412, 11.058819
-0.119710, -1.532289, 10.568008
0.514753, 0.634464, 10.931927
-0.021548, 0.656011, 10.429142
0.620098, -0.404620, 10.378864
0.064643, -0.411803, 10.998962
-0.002394, -1.161188, 10.223244
0.586579, 0.438139, 10.630257
0.059855, 0.311246, 10.704475
0.454898, -0.275333, 10.752361
0.047884, -0.416591, 10.900803
0.165200, -0.905008, 10.058041
0.519542, 0.713472, 11.173740
0.043096, -0.256180, 10.606316
0.627281, -0.227449, 10.496181
-0.131681, -0.639252, 10.797852
0.229843, -1.154005, 10.836159
0.555455, 1.058237, 11.123463
0.100556, -0.201113, 10.058041
0.670377, -0.248997, 10.635044
-0.304064, -0.837971, 10.778698
0.596156, -0.584185, 10.433933
0.351948, 0.988805, 10.321404
0.119710, -0.751779, 10.144234
0.670377, -0.172383, 11.123463
-0.363919, -0.878672, 10.311829
0.612916, -0.557849, 10.570400
0.359130, 1.199495, 11.468227
0.052672, -0.924162, 10.287884
0.703895, -0.134075, 10.939110
-0.430956, -0.969652, 10.223244
0.651223, -0.603339, 11.020512
0.390255, 1.316811, 11.257538
-0.035913, -0.806846, 10.005371
0.567426, -0.253785, 11.054031
-0.363919, -1.022324, 10.393230
0.957681, -0.351948, 10.335770
0.359130, 1.460463, 10.884041
-0.198719, -1.027112, 9.888054
0.754174, -0.079009, 11.494564
-0.407014, -0.869095, 10.065224
0.538695, 0.023942, 10.515335
0.356736, 1.335965, 11.360489
0.126893, -1.194707, 10.314220
0.409409, -0.138864, 10.970234
-0.433351, -0.809240, 10.067619
0.864307, 0.260968, 10.776302
0.378284, 1.180342, 10.903194
-0.126893, -1.060631, 9.751583
0.478840, 0.007183, 10.771515
-0.169988, -0.775721, 10.532093
0.766145, 0.596156, 10.936714
0.098162, 0.924162, 10.833763
0.201113, -1.151611, 10.220848
0.421380, -0.332794, 11.020512
-0.208296, -0.478840, 10.093956
0.691924, 1.005565, 10.436325
0.122104, 0.404620, 11.022903
0.174777, -1.637634, 10.340557
0.251391, 0.141258, 10.761936
-0.244209, -0.160412, 10.330982
0.847548, 0.624887, 10.840946
-0.009577, -0.136469, 10.879253
0.184354, -1.218649, 10.374077
0.196325, 0.476446, 10.718842
0.124499, -0.519542, 10.247185
0.766145, 0.837971, 10.867283
-0.172383, -0.354342, 10.220848
0.471658, -0.945710, 10.601524
0.174777, 0.524330, 10.670959
0.201113, -0.361524, 10.235214
0.672771, 1.352724, 10.845734
-0.023942, -0.818817, 10.036495
0.466869, -0.869095, 10.833763
0.009577, 0.423774, 10.558430
0.160412, -0.380678, 9.847351
0.794875, 1.204284, 11.130646
-0.363919, -1.108515, 10.345345
0.639252, -0.550666, 10.996571
-0.071826, 0.644040, 10.872070
0.426168, -0.529119, 10.204086
0.778116, 1.149217, 11.532871
-0.430956, -0.972046, 10.048466
0.811635, -0.995988, 10.304646
0.064643, 0.656011, 10.812214
0.289698, -0.387861, 10.093956
0.658406, 1.204284, 11.255142
-0.318429, -1.271321, 9.883266
0.699107, -0.469264, 11.250355
0.153229, 0.665588, 10.649410
0.464475, -0.421380, 10.050858
0.701501, 0.732626, 11.293449
-0.474052, -1.714249, 10.022129
0.840365, -0.100556, 10.881649
0.134075, 0.794875, 10.682930
0.270545, -0.397438, 10.496181
0.658406, 0.656011, 11.971008
-0.387861, -1.242591, 9.938332
0.739808, -0.158017, 10.857704
-0.069432, 0.361524, 10.896011
0.574608, -0.165200, 10.500969
0.471658, 0.464475, 10.927135
-0.332794, -1.556231, 9.756371
0.727837, 0.071826, 11.130646
0.141258, 0.785298, 11.042061
0.490811, -0.237026, 10.402805
0.134075, 0.074220, 11.609486
-0.110133, -1.675941, 10.450691
0.742203, 0.217872, 11.015724
-0.004788, 0.821211, 10.316616
0.509965, -0.471658, 10.448296
0.265756, -0.208296, 11.609486
-0.019154, -1.580173, 9.957485
0.519542, 0.708684, 11.135433
0.043096, 0.071826, 10.929531
0.670377, -0.488417, 10.893620
-0.086191, -0.433351, 10.809822
-0.143652, -1.359907, 9.995792
0.691924, 0.842759, 11.219231
0.174777, 0.251391, 10.335770
0.502782, -0.447716, 10.287884
-0.098162, -0.758962, 10.773907
0.260968, -1.297657, 10.900803
0.519542, 0.689530, 11.099522
-0.028730, -0.196325, 10.177753
0.581791, -0.217872, 11.092339
-0.246603, -0.893037, 11.054031
0.507571, -0.737414, 10.290279
0.359130, 1.285686, 10.690113
-0.033519, -0.457293, 10.105927
0.646435, -0.691924, 11.061214
-0.282516, -0.634464, 10.520123
0.435745, -0.344765, 10.534489
0.320823, 1.101333, 11.379642
-0.033519, -0.897826, 10.208878
0.430956, -0.208296, 10.840946
-0.198719, -0.481235, 10.314220
0.636858, -0.191536, 10.903194
0.181959, 0.905008, 11.190498
-0.244209, -1.249774, 9.969456
0.428562, -0.016759, 11.329365
-0.196325, -0.854730, 10.658985
0.339977, -0.112527, 10.682930
0.277727, 1.070208, 11.295845
-0.088585, -1.312023, 10.192116
0.395043, 0.026336, 11.434708
-0.325611, -0.682348, 10.309433
0.600945, 0.021548, 10.441113
0.248997, 1.036689, 11.259930
0.002394, -1.122880, 10.244789
0.426168, 0.169988, 10.946289
-0.105345, -0.588974, 10.263943
0.567426, -0.011971, 10.527306
0.294487, 0.828394, 11.233597
0.052672, -0.936133, 9.914391
0.375890, 0.332794, 10.716446
-0.165200, -0.730232, 10.541672
0.500388, 0.603339, 10.857704
0.198719, 0.730232, 11.022903
0.330400, -1.233014, 10.249577
0.316035, 0.076614, 11.116280
-0.023942, -0.555455, 10.477028
0.617704, 0.785298, 10.259155
0.251391, 0.143652, 10.577583
0.442927, -0.897826, 10.417171
0.375890, 0.526724, 10.615891
0.191536, -0.442927, 9.880871
0.806846, 0.993594, 10.675747
0.050278, -0.383072, 10.800243
0.543484, -1.003170, 10.386047
0.160412, 0.237026, 10.457874
0.301669, -0.579397, 10.460266
0.703895, 1.192313, 11.025299
0.146046, -0.462081, 10.395626
0.533907, -0.711078, 10.618286
0.045490, 0.203507, 10.989388
0.562637, -0.344765, 10.467449
0.713472, 1.414973, 10.742783
-0.282516, -1.127669, 9.995792
0.553061, -0.758962, 10.934319
0.117316, 0.438139, 10.321404
0.596156, -0.268151, 9.737217
0.486023, 1.326388, 10.817005
-0.117316, -1.393425, 10.362106
0.775721, -0.119710, 10.905590
-0.090980, 0.612916, 10.292675
0.603339, -0.349553, 10.635044
0.354342, 0.952892, 11.437103
-0.057461, -1.628057, 9.967064
0.723049, 0.122104, 10.599133
0.083797, 0.476446, 10.618286
0.665588, -0.270545, 10.472240
0.268151, 0.885855, 10.955868
-0.234632, -1.510741, 9.854534
0.861913, 0.328006, 11.209652
0.076614, 0.414197, 10.369289
0.505177, -0.150835, 10.223244
0.342371, 0.605733, 11.118675
-0.031125, -1.867477, 10.014946
0.691924, 0.397438, 10.642227
-0.126893, 0.299275, 10.328587
0.517148, -0.210690, 10.840946
0.105345, 0.385466, 11.389217
0.014365, -1.702278, 9.991005
0.447716, 0.756568, 11.111492
0.086191, -0.198719, 10.766727
0.636858, -0.320823, 10.766727
-0.074220, 0.000000, 10.658985
0.057461, -1.491588, 10.065224
0.541090, 0.837971, 11.042061
0.076614, -0.148441, 10.438721
0.325611, -0.129287, 10.615891
-0.050278, -0.308852, 11.027695
0.339977, -1.151611, 10.455479
0.361524, 0.883461, 10.982204
-0.052672, -0.648829, 10.261551
0.553061, -0.014365, 10.790668
-0.107739, -0.596156, 10.651806
0.158017, -1.290475, 10.156204
0.313640, 1.410185, 11.209652
-0.059855, -0.926556, 10.230423
0.632069, -0.131681, 10.855312
-0.275333, -0.514753, 10.584766
0.251391, -1.082179, 10.304646
0.371101, 1.189919, 11.216835
0.143652, -0.826000, 9.785103
0.459687, 0.244209, 10.733208
-0.296881, -0.849942, 10.323799
0.567426, -0.984017, 10.649410
0.201113, 1.142034, 10.977417
0.021548, -1.084573, 10.053253
0.407014, 0.217872, 11.068394
-0.349553, -1.199495, 10.510548
0.529119, -0.430956, 10.584766
0.306458, 1.335965, 10.788273
0.098162, -1.271321, 9.746796
0.433351, -0.114922, 11.130646
-0.148441, -1.017536, 10.089165
0.596156, -0.179565, 10.639832
0.189142, 0.854730, 11.042061
0.033519, -1.419762, 10.177753
0.512359, 0.701501, 11.367672
-0.289698, -1.211466, 9.900024
0.758962, -0.105345, 10.764332
0.311246, 1.412579, 11.408371
0.050278, -1.381454, 9.725246
0.488417, 0.162806, 11.274296
-0.210690, -1.247379, 10.292675
0.675165, -0.057461, 10.690113
0.344765, 1.388637, 10.986992
0.079009, -1.170764, 9.931149
0.395043, 0.090980, 11.362881
-0.055067, -0.988805, 10.005371
0.608127, 0.624887, 10.328587
0.363919, 1.189919, 11.331757
0.136469, -1.367089, 10.295067
0.478840, 0.172383, 10.910378
0.043096, -0.847548, 10.019733
0.548272, 0.660800, 10.857704
0.416591, 0.713472, 11.264721
0.277727, -1.149217, 9.631874
0.289698, 0.493206, 10.709267
0.131681, -0.732626, 10.180145
0.682348, 0.940921, 10.994175
0.213084, 0.158017, 10.726025
0.275333, -1.357512, 10.115501
0.402226, 0.361524, 11.343727
0.349553, -0.885855, 10.168175
0.531513, 1.240197, 10.560825
0.172383, -0.339977, 10.852917
0.387861, -1.065420, 10.718842
0.227449, 0.656011, 10.582371
0.196325, -0.464475, 9.995792
0.656011, 1.340753, 10.869675
0.337582, -0.972046, 10.706871
0.402226, -0.682348, 10.273521
0.102951, 0.375890, 10.369289
0.442927, -0.418985, 10.498573
0.526724, 1.292869, 10.642227
0.062249, -1.029507, 10.206482
0.284910, -0.316035, 10.467449
0.215478, 0.399832, 10.936714
0.557849, -0.567426, 10.050858
0.282516, 1.431733, 10.826580
0.004788, -1.589750, 10.199299
0.605733, -0.225055, 10.936714
0.143652, 0.543484, 10.393230
0.462081, -0.332794, 9.832989
0.483629, 1.460463, 11.037270
0.035913, -1.857901, 10.141838
0.397438, 0.002394, 10.637440
-0.026336, 0.435745, 10.354923
0.536301, -0.320823, 10.448296
0.438139, 1.098938, 11.396400
-0.270545, -1.702278, 9.722855
0.603339, 0.191536, 10.702084
0.071826, 0.028730, 10.484211
0.459687, -0.268151, 10.278309
0.311246, 1.161188, 11.130646
-0.150835, -1.924938, 9.950302
0.591368, 0.021548, 11.042061
0.021548, 0.222661, 10.730812
0.225055, 0.215478, 10.225636
0.385466, 0.826000, 11.152191
-0.143652, -2.037466, 9.830593
0.483629, 0.217872, 10.759544
0.083797, 0.208296, 10.330982
0.450110, 0.000000, 10.259155
0.169988, 0.351948, 11.291058
-0.069432, -1.611298, 9.902420
0.464475, 0.699107, 10.888828
0.098162, 0.146046, 10.493786
0.399832, -0.043096, 10.608707
0.268151, 0.148441, 11.152191
0.069432, -1.503559, 9.636662
0.282516, 0.454898, 10.922348
0.067038, -0.404620, 10.644623
0.433351, 0.478840, 10.357319
-0.016759, -0.347159, 10.817005
0.090980, -1.702278, 10.484211
0.354342, 0.967257, 11.073185
0.119710, 0.093374, 10.297462
0.428562, 0.272939, 10.319012
0.031125, -0.974440, 11.097126
0.071826, -1.558625, 10.014946
0.426168, 1.055843, 10.539276
0.318429, 0.160412, 10.323799
0.289698, 0.040701, 10.730812
0.057461, -1.122880, 10.879253
0.126893, -1.242591, 10.302250
0.311246, 1.158793, 11.252750
0.361524, -0.253785, 10.704475
0.402226, 0.035913, 10.491394
-0.040701, -1.264139, 10.345345
0.335188, -0.852336, 10.690113
0.505177, 1.347936, 10.891224
0.359130, -0.308852, 10.108318
0.289698, -0.062249, 10.733208
-0.076614, -1.355118, 10.651806
0.548272, -0.136469, 10.615891
0.335188, 1.089362, 10.283096
0.265756, -0.746991, 10.007763
0.320823, 0.014365, 11.142616
0.009577, -1.369483, 10.144234
0.469264, 0.071826, 10.354923
0.466869, 1.156399, 11.235989
0.158017, -1.170764, 10.369289
0.359130, -0.040701, 10.951080
-0.146046, -1.182736, 10.251972
0.488417, -0.057461, 10.733208
0.588974, 1.156399, 11.018116
0.086191, -0.928950, 9.722855
0.339977, -0.040701, 10.869675
-0.035913, -0.955287, 10.450691
0.560243, 0.167594, 10.414780
0.344765, 1.084573, 10.941502
-0.086191, -1.101333, 10.184933
0.493206, 0.071826, 11.204865
0.050278, -0.869095, 9.933544
0.287304, 0.517148, 10.335770
0.577003, 1.022324, 11.204865
0.409409, 0.318429, 10.589554
0.035913, -0.847548, 10.232819
0.684742, 1.063025, 10.400414
0.198719, 0.593762, 10.419567
0.191536, -1.106121, 10.024525
0.330400, -0.318429, 11.008541
0.055067, -0.665588, 10.201694
0.632069, 1.525106, 10.601524
0.347159, 0.165200, 11.061214
0.215478, -1.400608, 10.524910
0.105345, 0.009577, 10.663776
-0.059855, -0.404620, 10.146626
0.852336, 1.498770, 10.797852
0.031125, -0.442927, 10.773907
0.162806, -1.072602, 10.441113
0.124499, 0.251391, 10.560825
0.378284, -0.442927, 10.400414
0.636858, 1.434127, 10.663776
-0.011971, -0.754174, 10.170570
0.325611, -0.768539, 10.299858
0.052672, 0.126893, 10.769119
0.308852, -0.344765, 10.364498
0.447716, 1.584962, 10.965443
0.023942, -1.424550, 10.316616
0.339977, -0.797269, 11.077972
0.050278, 0.320823, 10.630257
0.426168, -0.229843, 9.931149
0.603339, 1.458069, 11.092339
-0.325611, -1.795651, 10.283096
0.462081, -0.445322, 10.568008
0.088585, 0.964863, 10.326191
0.445322, -0.220267, 10.206482
0.438139, 1.189919, 11.501747
-0.260968, -1.544260, 9.871296
0.665588, -0.122104, 10.565613
0.122104, 0.339977, 10.517727
0.390255, -0.227449, 10.429142
0.318429, 1.218649, 11.068394
-0.196325, -1.886631, 9.821014
0.567426, 0.105345, 11.468227
0.198719, 0.469264, 10.905590
0.253785, -0.102951, 10.429142
0.371101, 0.694319, 11.465832
-0.138864, -1.934515, 10.340557
0.653617, 0.478840, 11.061214
0.402226, 0.246603, 10.141838
0.196325, -0.112527, 10.364498
0.430956, 0.385466, 11.777081
-0.086191, -1.620875, 9.701305
0.514753, 0.694319, 10.970234
0.009577, -0.158017, 11.061214
0.328006, -0.074220, 10.862495
0.493206, -0.019154, 10.891224
-0.119710, -1.407791, 9.495403
0.553061, 0.325611, 11.295845
0.260968, -0.158017, 10.735600
0.330400, 0.071826, 10.342953
0.160412, -0.256180, 11.118675
0.045490, -1.503559, 10.678139
0.593762, 0.943316, 11.379642
0.162806, -0.033519, 10.261551
0.313640, -0.055067, 10.596737
0.210690, -0.636858, 11.159374
0.239420, -0.988805, 9.720459
0.318429, 1.165976, 10.546459
0.256180, -0.486023, 10.364498
0.471658, -0.035913, 10.905590
0.076614, -0.845153, 10.742783
0.043096, -0.730232, 10.287884
0.521936, 1.180342, 11.475410
0.304064, -0.981623, 10.156204
0.359130, 0.227449, 10.429142
-0.088585, -1.043872, 10.259155
0.260968, -0.545878, 10.778698
0.481235, 0.646435, 11.166557
0.064643, -0.816423, 10.187328
0.363919, 0.301669, 11.358093
-0.045490, -1.280898, 10.862495
0.445322, -0.490811, 10.505756
0.342371, 1.288081, 11.037270
0.074220, -1.077391, 9.825806
0.486023, 0.074220, 11.334152
-0.292093, -1.312023, 9.813835
0.426168, -0.299275, 10.532093
0.509965, 1.213861, 11.398796
0.043096, -1.182736, 10.115501
0.418985, 0.014365, 11.168953
-0.186748, -0.988805, 10.105927
0.368707, 0.081403, 10.936714
0.430956, 1.005565, 11.082760
-0.181959, -0.974440, 9.710884
0.457293, 0.284910, 11.279083
-0.198719, -1.312023, 10.390835
0.342371, 0.414197, 10.591949
0.347159, 1.228226, 11.530476
-0.232238, -0.962469, 10.077194
0.428562, -0.122104, 11.293449
-0.174777, -0.778116, 10.079590
0.270545, 0.653617, 10.275913
0.610522, 0.725443, 10.934319
-0.055067, -1.019930, 10.146626
0.351948, 0.023942, 11.046848
-0.117316, -0.586579, 10.342953
0.512359, 0.610522, 11.209652
0.265756, 0.404620, 11.458649
-0.088585, -1.151611, 10.232819
0.299275, 0.155623, 10.915165
0.083797, -0.720655, 10.311829
0.488417, 0.928950, 10.670959
0.201113, 0.119710, 10.601524
0.119710, -0.993594, 9.967064
0.277727, 0.165200, 11.130646
0.155623, -0.272939, 10.369289
0.469264, 0.952892, 10.618286
0.287304, -0.885855, 10.572796
0.158017, -0.840365, 10.615891
0.426168, 0.634464, 10.625469
0.253785, -0.045490, 9.964668
0.464475, 1.115698, 10.596737
0.225055, -1.285686, 10.601524
0.275333, -0.208296, 10.457874
0.469264, 0.347159, 10.362106
0.260968, -0.624887, 10.362106
