-0.248997, 0.325611, 10.577583
-0.160412, 0.356736, 10.618286
-0.169988, 0.328006, 10.522518
-0.227449, 0.313640, 10.556034
-0.270545, 0.325611, 10.522518
-0.239420, 0.407014, 10.591949
-0.222661, 0.299275, 10.577583
-0.201113, 0.366313, 10.558430
-0.227449, 0.402226, 10.599133
-0.263362, 0.359130, 10.527306
-0.198719, 0.330400, 10.529701
-0.169988, 0.308852, 10.579979
-0.220267, 0.399832, 10.539276
-0.210690, 0.383072, 10.539276
-0.215478, 0.337582, 10.591949
-0.191536, 0.349553, 10.584766
-0.174777, 0.301669, 10.532093
-0.167594, 0.337582, 10.560825
-0.110133, 0.356736, 10.522518
-0.258574, 0.359130, 10.572796
-0.208296, 0.347159, 10.568008
-0.184354, 0.339977, 10.500969
-0.100556, 0.344765, 10.558430
-0.129287, 0.375890, 10.579979
-0.146046, 0.356736, 10.539276
-0.184354, 0.342371, 10.582371
-0.124499, 0.337582, 10.613495
-0.093374, 0.385466, 10.587162
-0.081403, 0.330400, 10.503365
-0.090980, 0.375890, 10.577583
-0.155623, 0.330400, 10.685322
-0.153229, 0.368707, 10.560825
-0.129287, 0.325611, 10.491394
-0.134075, 0.356736, 10.584766
-0.093374, 0.385466, 10.579979
-0.062249, 0.347159, 10.520123
-0.086191, 0.380678, 10.548855
-0.129287, 0.347159, 10.599133
-0.083797, 0.325611, 10.572796
-0.021548, 0.392649, 10.510548
-0.059855, 0.337582, 10.572796
-0.045490, 0.399832, 10.536880
-0.095768, 0.399832, 10.601524
-0.016759, 0.335188, 10.563217
-0.079009, 0.378284, 10.565613
-0.110133, 0.390255, 10.584766
-0.119710, 0.395043, 10.603920
-0.071826, 0.404620, 10.563217
-0.074220, 0.311246, 10.625469
-0.112527, 0.330400, 10.603920
-0.023942, 0.395043, 10.421959
-0.050278, 0.402226, 10.522518
-0.110133, 0.399832, 10.510548
-0.040701, 0.387861, 10.512939
-0.134075, 0.344765, 10.551247
-0.047884, 0.371101, 10.565613
-0.079009, 0.426168, 10.570400
-0.124499, 0.387861, 10.579979
-0.122104, 0.392649, 10.579979
-0.189142, 0.421380, 10.601524
-0.172383, 0.402226, 10.594341
-0.143652, 0.337582, 10.481815
-0.129287, 0.375890, 10.484211
-0.093374, 0.361524, 10.553642
-0.136469, 0.308852, 10.532093
-0.119710, 0.354342, 10.560825
-0.167594, 0.325611, 10.570400
-0.143652, 0.373495, 10.599133
-0.201113, 0.332794, 10.611103
-0.165200, 0.356736, 10.611103
-0.165200, 0.363919, 10.575188
-0.177171, 0.275333, 10.575188
-0.256180, 0.366313, 10.625469
-0.375890, 0.416591, 10.637440
-0.160412, 0.332794, 10.541672
-0.217872, 0.385466, 10.627861
-0.258574, 0.234632, 10.656593
-0.373495, 0.277727, 10.615891
-0.330400, 0.239420, 10.625469
-0.272939, 0.131681, 10.656593
-0.150835, 0.155623, 10.606316
-0.196325, -0.011971, 10.493786
-0.196325, 0.000000, 10.512939
-0.189142, -0.019154, 10.445904
-0.169988, 0.141258, 10.508152
-0.100556, 0.110133, 10.520123
-0.090980, 0.251391, 10.532093
-0.181959, 0.337582, 10.608707
-0.119710, 0.378284, 10.618286
-0.112527, 0.555455, 10.611103
-0.105345, 0.538695, 10.647015
-0.107739, 0.636858, 10.608707
-0.093374, 0.624887, 10.584766
-0.040701, 0.620098, 10.510548
-0.081403, 0.608127, 10.493786
-0.093374, 0.670377, 10.517727
-0.071826, 0.691924, 10.407597
-0.105345, 0.641646, 10.450691
-0.119710, 0.706290, 10.402805
-0.124499, 0.720655, 10.469845
-0.079009, 0.600945, 10.314220
-0.117316, 0.624887, 10.421959
-0.179565, 0.610522, 10.486603
-0.129287, 0.586579, 10.594341
-0.208296, 0.505177, 10.627861
-0.155623, 0.514753, 10.632652
-0.174777, 0.476446, 10.630257
-0.201113, 0.371101, 10.730812
-0.225055, 0.347159, 10.699688
-0.189142, 0.280122, 10.776302
-0.342371, 0.189142, 10.809822
-0.330400, 0.193930, 10.764332
-0.450110, 0.239420, 10.795456
-0.423774, 0.131681, 10.721237
-0.418985, 0.028730, 10.644623
-0.387861, -0.064643, 10.546459
-0.414197, -0.134075, 10.374077
-0.277727, -0.158017, 10.362106
-0.205901, -0.102951, 10.309433
-0.107739, -0.110133, 10.335770
0.021548, 0.071826, 10.503365
0.004788, 0.227449, 10.505756
0.043096, 0.277727, 10.558430
0.083797, 0.342371, 10.694901
0.167594, 0.459687, 10.737995
0.119710, 0.459687, 10.723629
0.095768, 0.579397, 10.733208
0.162806, 0.586579, 10.615891
0.134075, 0.567426, 10.663776
0.232238, 0.708684, 10.352528
0.325611, 0.770933, 10.366894
0.349553, 0.830788, 10.309433
0.392649, 0.845153, 10.292675
0.390255, 0.814029, 10.141838
0.430956, 0.711078, 10.046070
0.416591, 0.663194, 10.014946
0.493206, 0.644040, 10.036495
0.409409, 0.509965, 10.187328
0.280122, 0.407014, 10.309433
0.366313, 0.354342, 10.359711
0.179565, 0.330400, 10.505756
0.098162, 0.289698, 10.625469
0.043096, 0.318429, 10.589554
-0.141258, 0.464475, 10.797852
-0.222661, 0.591368, 10.838551
-0.301669, 0.574608, 10.838551
-0.380678, 0.536301, 10.773907
-0.450110, 0.586579, 10.845734
-0.462081, 0.577003, 10.802639
-0.591368, 0.375890, 10.742783
-0.562637, 0.330400, 10.776302
-0.608127, 0.158017, 10.714054
-0.744597, 0.035913, 10.658985
-0.775721, -0.177171, 10.637440
-0.754174, -0.359130, 10.584766
-0.873884, -0.380678, 10.630257
-0.802058, -0.526724, 10.670959
-0.696713, -0.428562, 10.553642
-0.622493, -0.414197, 10.625469
-0.639252, -0.253785, 10.730812
-0.440533, -0.114922, 10.809822
-0.493206, 0.047884, 10.749966
-0.418985, 0.201113, 10.852917
-0.284910, 0.217872, 10.850521
-0.258574, 0.284910, 10.788273
-0.181959, 0.263362, 10.735600
-0.126893, 0.418985, 10.706871
-0.196325, 0.512359, 10.670959
-0.093374, 0.548272, 10.553642
-0.074220, 0.603339, 10.534489
-0.055067, 0.634464, 10.297462
-0.071826, 0.837971, 10.419567
-0.040701, 0.861913, 10.364498
-0.033519, 0.943316, 10.271126
0.023942, 1.012747, 10.244789
0.067038, 1.000776, 10.357319
0.038307, 1.010353, 10.414780
0.050278, 0.905008, 10.412384
0.038307, 0.852336, 10.407597
0.067038, 0.708684, 10.481815
-0.067038, 0.593762, 10.591949
-0.045490, 0.442927, 10.678139
-0.095768, 0.332794, 10.685322
-0.067038, 0.126893, 10.723629
-0.093374, 0.150835, 10.807426
0.009577, 0.079009, 10.630257
-0.098162, 0.093374, 10.819397
0.043096, 0.038307, 10.749966
-0.045490, 0.031125, 10.678139
0.088585, 0.045490, 10.625469
-0.043096, 0.052672, 10.544064
-0.026336, 0.110133, 10.541672
-0.136469, 0.134075, 10.484211
-0.088585, 0.107739, 10.455479
-0.153229, 0.191536, 10.398018
-0.098162, 0.134075, 10.393230
-0.167594, 0.172383, 10.429142
-0.110133, 0.260968, 10.491394
-0.179565, 0.385466, 10.493786
-0.143652, 0.471658, 10.548855
-0.117316, 0.536301, 10.570400
-0.055067, 0.608127, 10.632652
0.050278, 0.617704, 10.718842
0.119710, 0.632069, 10.651806
-0.004788, 0.591368, 10.728420
-0.007183, 0.459687, 10.594341
0.016759, 0.490811, 10.572796
0.021548, 0.433351, 10.606316
-0.050278, 0.395043, 10.517727
-0.043096, 0.337582, 10.450691
-0.076614, 0.220267, 10.378864
-0.057461, 0.272939, 10.319012
-0.079009, 0.318429, 10.421959
0.007183, 0.306458, 10.369289
-0.134075, 0.294487, 10.407597
-0.083797, 0.363919, 10.429142
-0.105345, 0.368707, 10.474632
-0.114922, 0.493206, 10.426750
-0.153229, 0.418985, 10.568008
-0.035913, 0.426168, 10.577583
-0.050278, 0.471658, 10.620678
-0.117316, 0.478840, 10.675747
-0.098162, 0.483629, 10.647015
-0.138864, 0.502782, 10.716446
-0.136469, 0.562637, 10.618286
-0.160412, 0.529119, 10.680534
-0.119710, 0.584185, 10.635044
-0.122104, 0.586579, 10.565613
-0.143652, 0.574608, 10.477028
-0.196325, 0.648829, 10.603920
-0.198719, 0.512359, 10.599133
-0.167594, 0.529119, 10.436325
-0.146046, 0.433351, 10.457874
-0.155623, 0.399832, 10.472240
-0.136469, 0.323217, 10.508152
-0.117316, 0.292093, 10.486603
-0.181959, 0.284910, 10.558430
-0.146046, 0.220267, 10.524910
-0.158017, 0.153229, 10.651806
-0.217872, 0.217872, 10.556034
-0.172383, 0.177171, 10.670959
-0.136469, 0.225055, 10.661381
-0.184354, 0.191536, 10.745178
-0.134075, 0.239420, 10.697292
-0.162806, 0.316035, 10.687717
-0.153229, 0.270545, 10.678139
-0.256180, 0.241814, 10.546459
-0.246603, 0.210690, 10.541672
-0.244209, 0.160412, 10.477028
-0.349553, 0.256180, 10.572796
-0.177171, 0.167594, 10.218452
-0.239420, 0.215478, 10.407597
-0.146046, 0.280122, 10.326191
-0.220267, 0.323217, 10.433933
-0.244209, 0.497994, 10.730812
-0.428562, 0.514753, 10.819397
-0.110133, 0.438139, 10.690113
-0.038307, 0.426168, 10.680534
-0.129287, 0.380678, 10.783485
-0.311246, 0.397438, 10.814610
-0.320823, 0.294487, 10.800243
-0.390255, 0.253785, 10.819397
-0.270545, 0.079009, 10.563217
-0.397438, 0.033519, 10.615891
-0.426168, 0.011971, 10.620678
-0.512359, -0.122104, 10.572796
-0.368707, -0.011971, 10.426750
-0.387861, 0.016759, 10.421959
-0.337582, 0.067038, 10.486603
-0.325611, 0.138864, 10.467449
-1.213861, -0.536301, 10.498573
2.715025, -1.142034, 8.456322
-4.213795, 0.988805, 13.505692
5.588068, -2.063802, 6.876148
-5.681440, 0.699107, 14.235924
3.904943, -0.694319, 7.400478
-4.510675, 1.139640, 13.637375
2.817976, -0.792481, 8.458714
-1.769315, 1.168370, 11.461044
0.363919, 0.339977, 10.158600
-0.790087, 0.450110, 10.793060
-0.205901, 1.031901, 10.699688
0.141258, 0.574608, 10.105927
-0.656011, 1.364695, 10.998962
0.241814, 0.782904, 10.350136
-0.998382, 1.225832, 11.025299
0.023942, 0.964863, 10.359711
-0.984017, 0.981623, 11.360489
0.912191, 0.512359, 9.852142
-0.928950, 1.058237, 11.422737
-0.323217, 0.842759, 10.572796
0.205901, 0.545878, 10.263943
0.043096, 0.727837, 10.666168
0.222661, 0.612916, 10.278309
0.014365, 0.545878, 10.462662
0.076614, 0.780510, 10.512939
0.062249, 0.775721, 10.319012
0.074220, 0.639252, 10.369289
-0.402226, 0.905008, 10.381260
0.567426, 0.617704, 9.617508
-0.536301, 0.775721, 10.182541
0.021548, 0.742203, 10.053253
0.110133, 0.732626, 10.407597
0.033519, 0.634464, 10.450691
0.184354, 0.665588, 10.642227
0.208296, 0.512359, 10.766727
0.232238, 0.519542, 10.941502
0.395043, 0.423774, 10.769119
-0.246603, 0.378284, 11.135433
0.316035, 0.129287, 10.809822
0.122104, -0.069432, 10.884041
0.009577, -0.165200, 10.805035
0.088585, -0.184354, 10.642227
0.014365, -0.268151, 10.587162
0.028730, -0.232238, 10.412384
0.454898, -0.845153, 10.572796
0.038307, -0.878672, 9.806652
0.174777, -1.343147, 10.180145
-1.398214, -0.708684, 11.149799
3.366248, -1.946486, 8.295910
-1.989582, -0.553061, 11.449074
3.330335, -1.055843, 7.735666
-2.126051, 0.667982, 11.839329
1.242591, -0.651223, 9.330204
-1.007959, 0.627281, 11.027695
2.147599, -0.667982, 9.581596
-0.840365, 0.457293, 11.480198
1.438915, 0.756568, 10.240002
-1.046266, 1.367089, 11.719620
1.314417, 0.895432, 10.371681
-0.497994, 1.448492, 11.334152
-0.014365, 1.347936, 10.812214
-0.251391, 1.565808, 10.922348
-0.059855, 0.893037, 10.785881
-0.040701, 1.019930, 10.587162
-0.043096, 0.864307, 10.249577
-0.617704, 0.818817, 10.347740
0.035913, 0.407014, 9.811440
-0.768539, 0.423774, 10.309433
-0.237026, 0.464475, 10.012550
-0.773327, 0.644040, 10.275913
-0.557849, 0.665588, 10.151417
-0.440533, 0.835577, 10.158600
-0.423774, 0.586579, 10.431538
-0.711078, 1.127669, 10.690113
-0.234632, 1.007959, 10.467449
-0.723049, 1.048660, 10.881649
0.007183, 1.022324, 10.776302
-0.519542, 1.309628, 11.085155
-0.445322, 1.101333, 10.958263
-0.433351, 1.063025, 10.491394
-0.457293, 0.837971, 10.512939
-0.588974, 1.223437, 10.958263
-0.385466, 1.034295, 10.773907
-0.708684, 0.964863, 11.070789
-0.258574, 0.732626, 10.891224
-0.565032, 0.579397, 10.824188
-0.337582, 0.428562, 10.673351
-0.402226, 0.289698, 10.615891
-0.272939, 0.122104, 10.568008
-0.402226, -0.126893, 10.603920
-0.426168, -0.215478, 10.682930
-0.586579, -0.392649, 10.584766
-0.361524, -0.909797, 10.860100
0.289698, -1.024718, 10.160992
0.610522, -1.553837, 9.572018
-0.509965, -1.671153, 11.001358
-0.356736, -1.125275, 10.287884
0.524330, -0.466869, 10.058041
-0.565032, -0.943316, 10.893620
0.404620, -0.495600, 9.969456
-0.332794, 0.028730, 10.699688
0.124499, -0.454898, 10.359711
0.598551, -0.718261, 10.536880
0.167594, -0.102951, 10.398018
-0.366313, 0.474052, 11.099522
0.222661, 0.615310, 10.433933
-0.447716, 0.895432, 10.848129
0.203507, 0.174777, 10.563217
-0.938527, 0.912191, 11.087547
0.371101, 0.957681, 10.347740
-0.787692, 0.883461, 11.104309
-0.205901, 0.943316, 11.080368
0.409409, 0.667982, 10.651806
-0.876278, 0.751779, 10.922348
-0.019154, 0.428562, 10.386047
0.215478, 0.153229, 10.000580
0.007183, 0.335188, 10.601524
-0.198719, 0.586579, 10.575188
-0.579397, 0.706290, 10.635044
0.112527, 0.890643, 10.201694
-1.189919, 0.660800, 11.298237
-0.545878, 0.828394, 10.424355
0.045490, 0.967257, 10.369289
-0.131681, 0.739808, 10.302250
-0.179565, 0.859519, 10.642227
-0.816423, 1.019930, 10.508152
-1.304840, 1.323994, 10.749966
-0.023942, 1.048660, 9.907207
-0.114922, 1.321599, 10.199299
0.742203, 1.225832, 10.259155
-0.553061, 1.180342, 10.685322
-0.201113, 1.321599, 10.433933
-0.711078, 0.931345, 11.180923
-0.323217, 0.986411, 10.977417
0.739808, 0.715866, 10.335770
0.028730, 0.677559, 10.541672
-0.169988, 0.402226, 10.761936
-0.588974, 0.469264, 10.699688
-0.411803, 0.181959, 10.639832
-0.359130, -0.076614, 10.785881
0.677559, -0.313640, 10.678139
1.781286, -0.502782, 9.255985
-1.223437, -0.670377, 10.963051
-0.270545, -0.828394, 10.261551
-0.387861, -0.203507, 10.917561
0.957681, -0.706290, 9.935936
0.241814, -0.414197, 10.618286
1.328782, -0.251391, 9.818623
-0.691924, 0.270545, 11.099522
0.761356, 0.172383, 9.947910
-0.586579, -0.320823, 11.276691
0.828394, -0.122104, 10.302250
-0.213084, 0.653617, 11.207260
0.150835, 0.251391, 10.548855
-0.703895, 0.857124, 11.374851
0.502782, 0.033519, 10.125080
-0.641646, 0.402226, 11.085155
-0.002394, 0.476446, 10.479420
-0.500388, 0.624887, 11.159374
0.433351, 0.172383, 10.594341
0.220267, 0.198719, 10.800243
-0.366313, 0.656011, 10.709267
-0.057461, 0.421380, 10.474632
0.349553, -0.002394, 10.244789
0.134075, 0.366313, 10.551247
-0.035913, 0.701501, 10.579979
-0.184354, 0.651223, 10.398018
0.004788, 0.792481, 10.256760
-0.421380, 0.962469, 10.568008
-0.605733, 1.115698, 10.613495
-0.361524, 1.261744, 10.637440
-0.474052, 1.163582, 10.527306
-0.433351, 0.981623, 10.639832
-0.426168, 0.991199, 10.867283
-0.438139, 1.170764, 11.384430
-0.186748, 0.974440, 10.828976
-0.459687, 0.586579, 10.426750
-0.009577, 0.797269, 10.613495
-0.208296, 0.995988, 10.802639
-0.548272, 0.840365, 10.979809
0.014365, 0.670377, 10.639832
-0.263362, 0.603339, 10.924744
-0.304064, 0.471658, 10.905590
-0.328006, 0.442927, 10.625469
-0.339977, 0.328006, 10.510548
-0.361524, 0.201113, 10.668564
-0.723049, 0.000000, 10.869675
-1.474828, 0.349553, 12.107479
1.551443, -1.218649, 9.469067
-1.553837, -0.375890, 11.762714
1.527501, -0.916979, 9.179371
-2.959233, 0.701501, 12.009315
-0.557849, 0.079009, 10.579979
-1.493982, 0.043096, 11.188107
1.247379, -0.591368, 9.742008
-0.502782, -0.088585, 10.697292
-0.227449, -0.172383, 10.369289
-0.023942, -0.325611, 10.450691
-1.235408, 0.294487, 11.372459
-0.198719, 0.730232, 10.572796
-0.804452, 0.833182, 11.097126
0.229843, 0.371101, 10.259155
-0.466869, 0.646435, 11.073185
-0.452504, 0.519542, 10.699688
-0.423774, 1.022324, 10.977417
-0.373495, 0.608127, 10.769119
-0.205901, 0.390255, 10.912773
-0.416591, 0.648829, 10.975021
-0.131681, 0.174777, 10.500969
0.299275, 0.258574, 10.216061
0.213084, 0.110133, 10.635044
-0.138864, 0.375890, 10.706871
0.167594, 0.562637, 10.125080
-0.675165, 0.746991, 10.491394
-0.088585, 0.725443, 10.129868
-0.445322, 0.775721, 10.352528
-0.193930, 0.916979, 10.297462
-0.488417, 0.976834, 10.503365
-0.153229, 0.445322, 10.254368
-0.100556, 0.636858, 10.515335
-0.057461, 0.512359, 10.558430
-0.146046, 0.656011, 10.702084
0.213084, 0.241814, 10.625469
0.153229, 0.179565, 10.639832
0.162806, 0.337582, 10.668564
0.021548, 0.287304, 10.752361
0.150835, 0.222661, 10.649410
0.090980, 0.265756, 10.304646
0.076614, 0.301669, 10.314220
-0.720655, 0.663194, 10.848129
0.299275, 0.672771, 10.311829
-0.354342, 0.636858, 10.517727
-0.122104, 0.457293, 10.632652
-0.545878, 0.512359, 11.039665
-0.071826, 0.423774, 10.508152
0.486023, -0.014365, 10.541672
1.951274, -0.421380, 9.775524
-1.120486, -0.565032, 11.504139
2.188300, -1.316811, 9.107544
-2.317587, 0.282516, 12.488155
2.602497, -1.031901, 8.444351
-1.098938, 0.148441, 11.506535
1.321599, -0.672771, 9.385269
-1.529895, 0.653617, 11.156982
1.185130, -0.011971, 9.459492
-0.191536, -0.883461, 10.884041
0.703895, 0.134075, 9.854534
-0.414197, 0.423774, 10.795456
-0.141258, 0.351948, 10.618286
-0.071826, 0.617704, 10.692505
0.316035, 0.196325, 10.144234
-0.533907, 0.598551, 10.998962
0.256180, 0.814029, 10.400414
-0.459687, 1.077391, 11.051636
-0.138864, 0.936133, 11.121067
-0.526724, 0.840365, 11.319786
-0.232238, 1.110909, 10.709267
-0.462081, 0.730232, 10.766727
0.265756, 0.414197, 10.220848
-0.155623, 0.883461, 10.809822
0.057461, 1.007959, 10.405201
-0.811635, 1.288081, 10.740391
-0.028730, 0.950498, 10.007763
-0.660800, 1.012747, 10.460266
-0.811635, 0.773327, 10.800243
-0.620098, 0.746991, 10.443508
0.102951, 0.474052, 10.364498
-0.313640, 0.368707, 10.884041
0.158017, 0.457293, 10.742783
-0.699107, 0.553061, 10.941502
-0.148441, 0.423774, 10.524910
-0.064643, 0.452504, 10.872070
-0.119710, 0.272939, 10.891224
0.390255, 0.311246, 10.615891
-0.272939, 0.155623, 11.168953
-0.205901, 0.043096, 11.073185
-0.112527, 0.141258, 10.682930
-0.268151, -0.179565, 10.445904
-0.282516, -0.287304, 10.603920
2.025495, -1.841141, 9.129093
-3.428497, 0.344765, 12.145786
5.688623, -2.624045, 6.327875
-5.027824, 0.821211, 13.601460
4.311958, -1.484405, 7.809887
-4.649540, 0.763750, 12.480976
4.484341, -1.783680, 6.864178
-3.564966, 0.090980, 12.706028
3.275269, -1.855506, 8.149864
-1.345541, 0.244209, 11.384430
2.580950, -1.443704, 9.066841
-1.843535, 0.814029, 11.870453
2.509124, -0.363919, 8.841785
-1.798046, 0.447716, 12.021286
1.908179, -0.114922, 9.722855
-1.592144, 1.029507, 11.669338
1.283292, 0.792481, 10.328587
-0.656011, 1.031901, 11.549629
0.950498, 0.380678, 10.319012
-1.098938, 1.297657, 11.434708
1.055843, 0.464475, 10.002975
-0.725443, 0.912191, 11.039665
1.314417, 0.667982, 9.792286
-0.644040, 0.995988, 11.109097
0.466869, 0.931345, 9.988609
-0.495600, 1.065420, 10.266338
-0.275333, 1.022324, 10.170570
-0.569820, 1.240197, 10.077194
-0.339977, 1.218649, 10.005371
-1.065420, 1.723825, 10.424355
-0.217872, 0.928950, 9.868900
-0.634464, 1.340753, 10.254368
-0.325611, 1.230620, 10.333374
-0.656011, 1.434127, 11.070789
0.047884, 1.024718, 10.615891
-0.220267, 0.916979, 11.034878
-0.062249, 0.893037, 11.195290
-0.021548, 0.648829, 11.070789
0.280122, 0.296881, 10.975021
0.306458, 0.351948, 10.845734
0.260968, 0.160412, 11.089943
-0.059855, 0.289698, 10.867283
0.253785, 0.105345, 10.553642
-0.248997, 0.079009, 10.625469
-0.299275, 0.009577, 10.505756
-0.277727, 0.299275, 10.465057
-0.280122, 0.289698, 10.374077
-0.172383, 0.289698, 10.125080
-0.457293, 0.203507, 10.307037
-0.347159, 0.174777, 10.268730
-0.047884, 0.131681, 10.366894
-0.229843, 0.090980, 10.328587
0.047884, 0.059855, 10.381260
0.114922, 0.090980, 10.522518
-0.100556, -0.011971, 10.845734
0.181959, -0.009577, 10.558430
0.031125, -0.131681, 10.699688
0.181959, -0.172383, 10.644623
-0.011971, 0.002394, 10.874466
-0.004788, 0.023942, 10.819397
0.023942, -0.033519, 10.737995
-0.136469, 0.124499, 10.709267
-0.062249, -0.052672, 10.579979
-0.445322, -0.031125, 9.981426
-0.320823, -0.016759, 10.024525
-0.225055, 0.110133, 10.000580
-0.143652, 0.210690, 10.378864
-0.471658, 0.246603, 10.658985
-0.107739, -0.019154, 10.668564
-0.409409, -0.035913, 10.709267
0.335188, -0.859519, 10.297462
-0.509965, -0.574608, 10.668564
0.215478, 0.258574, 10.390835
-0.555455, 0.193930, 11.094730
-0.799664, 0.294487, 11.322182
-0.670377, 0.306458, 11.556812
-1.302446, 0.052672, 11.923126
0.040701, 0.203507, 11.501747
0.246603, 0.141258, 11.049240
0.114922, 0.375890, 11.176136
-0.043096, 0.392649, 10.924744
-0.541090, 0.409409, 10.960655
0.031125, 0.124499, 10.510548
-0.526724, 0.553061, 10.599133
0.301669, 0.071826, 10.280704
0.217872, 0.586579, 9.830593
0.423774, 0.344765, 9.215282
-0.014365, 0.653617, 9.179371
-0.189142, 0.617704, 9.018959
-1.244985, 0.811635, 9.655815
-1.122880, 1.233014, 10.141838
-0.421380, 1.125275, 10.002975
-0.131681, 1.295263, 10.251972
-1.070208, 1.534683, 11.394005
-0.744597, 1.134851, 11.101913
-0.181959, 1.278504, 11.432312
-0.500388, 0.893037, 11.666946
0.294487, 0.864307, 11.473015
0.234632, 0.670377, 11.262325
-0.545878, 0.871490, 11.700466
0.383072, 0.715866, 10.915165
-0.387861, 0.476446, 11.192894
0.289698, 0.471658, 10.747574
-0.205901, 0.220267, 10.611103
0.004788, 0.253785, 10.196907
-0.117316, 0.131681, 9.921574
-0.454898, 0.093374, 9.847351
-0.191536, 0.502782, 9.916782
-0.292093, 0.150835, 9.974243
-0.296881, 0.215478, 10.079590
0.189142, 0.136469, 9.983822
-0.395043, 0.086191, 10.350136
-0.337582, 0.148441, 10.407597
-0.380678, 0.351948, 10.623074
0.260968, 0.158017, 10.668564
0.222661, 0.263362, 10.953472
0.282516, 0.248997, 11.092339
0.450110, -0.019154, 11.137829
0.289698, -0.110133, 10.998962
0.191536, -0.064643, 10.448296
0.380678, -0.201113, 10.074802
0.852336, -1.039083, 8.808270
0.433351, 0.677559, 9.842564
-2.169147, 1.194707, 12.002132
2.573767, 0.524330, 9.038113
-0.112527, 0.253785, 10.929531
-0.907403, 0.636858, 11.066002
-0.536301, 1.134851, 11.695675
0.430956, -0.177171, 10.821793
-0.849942, 0.248997, 11.834541
-0.009577, -0.265756, 10.850521
0.354342, -0.416591, 10.323799
-0.112527, -0.555455, 10.757149
-0.016759, -0.490811, 10.378864
0.397438, -0.366313, 10.477028
-0.136469, -0.232238, 10.620678
0.062249, 0.201113, 10.127472
-0.093374, 0.134075, 10.096348
0.215478, -0.083797, 9.928757
0.502782, 0.414197, 9.888054
-0.641646, 0.775721, 10.388443
-0.725443, 0.830788, 10.448296
-0.229843, 0.550666, 10.369289
-0.679953, 0.897826, 10.642227
-1.012747, 1.323994, 10.975021
-0.531513, 1.261744, 10.934319
-0.541090, 1.084573, 11.255142
0.165200, 1.029507, 11.003750
-0.670377, 1.051054, 11.362881
0.430956, 0.725443, 10.809822
-0.538695, 0.818817, 11.530476
-0.543484, 1.027112, 11.561600
-0.313640, 0.936133, 11.530476
-0.122104, 0.720655, 11.097126
0.031125, 0.572214, 10.584766
-0.481235, 0.634464, 10.352528
-0.725443, 0.521936, 10.362106
-0.943316, 0.565032, 10.381260
-0.723049, 0.758962, 10.192116
-0.735020, 0.608127, 10.328587
-0.186748, 0.371101, 10.242397
-0.466869, 0.545878, 10.338165
-0.703895, 0.533907, 10.445904
-0.325611, 0.402226, 10.553642
-0.359130, 0.497994, 10.862495
-0.299275, 0.706290, 11.058819
-0.555455, 0.553061, 11.130646
0.033519, 0.476446, 11.027695
-0.248997, 0.366313, 10.639832
-0.754174, 0.351948, 10.433933
-0.153229, 0.213084, 9.821014
0.622493, -0.098162, 9.828197
-1.460463, 0.854730, 11.516109
0.378284, 1.278504, 10.742783
-0.790087, 0.914585, 11.556812
-1.029507, 0.399832, 11.635822
-0.677559, 0.919374, 11.932701
0.248997, 0.395043, 11.123463
0.095768, -0.395043, 11.264721
-0.186748, -0.215478, 11.018116
-0.486023, -0.366313, 10.888828
-0.620098, -0.615310, 10.570400
-0.220267, -0.866701, 10.369289
0.483629, -0.907403, 9.636662
-0.052672, -0.751779, 9.753979
0.423774, -0.304064, 9.636662
-0.711078, -0.337582, 9.907207
0.299275, -0.366313, 9.387665
0.040701, -0.155623, 9.792286
-0.117316, -0.172383, 9.603142
-0.416591, 0.574608, 10.067619
-0.287304, 0.533907, 10.160992
-0.110133, 0.229843, 10.467449
-0.701501, 0.804452, 10.960655
-0.117316, 0.857124, 11.348518
0.234632, 0.416591, 11.252750
0.016759, 0.663194, 11.676521
-0.294487, 0.936133, 11.832146
0.055067, 0.486023, 11.089943
0.289698, 0.557849, 10.793060
-0.093374, 0.414197, 10.862495
0.653617, 0.129287, 10.072407
0.289698, 0.184354, 10.093956
-0.095768, 0.418985, 9.940727
-0.411803, 0.385466, 9.828197
-0.428562, 0.363919, 9.694122
-0.407014, 0.349553, 9.789890
-0.354342, 0.320823, 9.785103
-0.328006, 0.553061, 10.050858
-0.215478, 0.234632, 10.211269
-0.304064, 0.402226, 10.453087
-0.007183, 0.622493, 10.529701
0.007183, 0.562637, 10.723629
0.007183, 0.531513, 9.715672
-0.076614, 0.593762, 10.395626
-0.905008, 1.206678, 11.516109
-0.014365, 1.225832, 11.295845
0.033519, 1.120486, 11.652580
-0.153229, 0.869095, 11.954250
0.289698, 0.995988, 11.518505
1.965640, -0.960075, 9.205708
-1.144428, 1.189919, 10.778698
-1.570596, 1.958457, 11.104309
0.847548, 1.149217, 9.009380
-0.660800, 0.402226, 11.123463
0.287304, 0.639252, 9.299080
-0.921768, 1.345541, 11.930309
0.663194, -0.758962, 9.742008
-1.508347, 0.160412, 12.095509
0.418985, -0.244209, 10.117897
0.052672, -0.275333, 10.204086
0.658406, -0.241814, 9.957485
-0.102951, -0.268151, 10.199299
1.908179, -0.524330, 9.375694
0.100556, -0.146046, 10.448296
-0.052672, 0.471658, 10.393230
-0.349553, 0.143652, 10.409988
-0.093374, 0.368707, 10.398018
-0.380678, 0.414197, 10.704475
-0.900220, 0.706290, 10.354923
0.107739, 0.612916, 10.323799
-0.210690, 0.227449, 10.599133
-0.660800, 0.541090, 11.111492
-0.356736, 1.146822, 11.080368
0.004788, 0.332794, 11.125854
0.390255, 0.141258, 10.886436
0.268151, 0.715866, 11.077972
0.158017, 0.215478, 10.886436
0.100556, 0.158017, 10.668564
0.105345, 0.213084, 10.441113
-0.323217, 0.074220, 10.759544
-0.031125, -0.071826, 10.170570
0.076614, 0.368707, 10.330982
-0.325611, 0.169988, 10.160992
-0.881066, 0.375890, 10.462662
-0.368707, 0.442927, 10.048466
-0.794875, 0.177171, 10.290279
-0.457293, 0.361524, 10.232819
-0.646435, 0.347159, 10.726025
0.244209, -0.186748, 10.450691
-0.071826, 0.148441, 10.711658
-0.347159, 0.131681, 9.832989
0.399832, -0.069432, 10.002975
-0.079009, 0.368707, 10.740391
-0.203507, 0.861913, 11.056423
-0.378284, 0.723049, 11.137829
0.071826, 0.641646, 11.259930
-0.105345, 0.703895, 11.468227
-0.138864, 0.598551, 11.085155
-0.450110, 0.651223, 11.106701
0.033519, -1.091756, 7.781157
-0.703895, 0.639252, 9.217678
-3.220201, 1.831564, 11.592724
-0.023942, 0.924162, 9.519348
-1.312023, 1.161188, 11.109097
-2.379837, 1.132457, 11.796234
-1.877054, 1.525106, 12.169727
0.404620, 0.397438, 10.153809
-0.392649, 0.469264, 11.693283
1.003170, -0.488417, 10.714054
0.344765, -0.098162, 10.479420
-0.179565, -0.067038, 11.030087
0.031125, -0.088585, 10.467449
0.754174, -0.136469, 10.031704
0.081403, -0.198719, 10.314220
-0.143652, 0.100556, 10.498573
0.270545, 0.304064, 9.708488
-0.799664, 0.083797, 10.199299
-0.189142, -0.050278, 10.149021
-0.696713, 0.577003, 9.943119
-0.624887, 0.620098, 10.247185
-0.646435, 0.337582, 10.579979
-0.452504, 0.981623, 10.615891
-0.007183, 1.055843, 10.821793
-0.342371, 0.567426, 11.113884
0.385466, 0.648829, 11.109097
0.287304, 0.622493, 11.264721
0.122104, 0.162806, 11.451469
0.232238, 0.481235, 10.965443
0.227449, 0.155623, 10.639832
0.052672, 0.040701, 10.661381
0.385466, -0.100556, 10.287884
0.407014, 0.220267, 10.237606
-0.560243, 0.284910, 10.479420
-0.354342, 0.521936, 10.125080
-0.311246, 0.457293, 9.928757
-0.579397, 0.181959, 10.180145
-0.457293, 0.409409, 10.218452
-0.251391, 0.318429, 10.089165
0.086191, -0.172383, 10.278309
0.124499, 0.095768, 10.443508
0.083797, 0.138864, 10.623074
0.174777, -0.026336, 10.611103
0.035913, 0.071826, 10.749966
-0.043096, 0.148441, 10.247185
-0.031125, 0.237026, 10.405201
-0.050278, 0.811635, 10.797852
1.031901, -0.442927, 9.155426
-0.234632, 0.129287, 10.149021
-0.802058, 1.544260, 11.140221
-0.363919, 1.477222, 11.159374
0.131681, 0.610522, 11.707645
-2.229002, 1.766921, 12.514492
0.328006, 1.074996, 11.439495
-0.488417, 0.179565, 10.737995
-0.342371, -0.002394, 9.983822
0.632069, -0.514753, 9.665394
0.471658, -0.320823, 9.313446
-0.452504, 0.124499, 9.811440
-0.009577, 0.246603, 9.167400
0.071826, 0.126893, 9.212887
-0.181959, -0.193930, 9.627087
-0.675165, 0.493206, 9.962273
-0.373495, 0.761356, 10.012550
-0.591368, 0.634464, 10.488998
-0.387861, 0.928950, 10.874466
-0.186748, 1.304840, 11.326969
-0.356736, 0.902614, 11.549629
-0.093374, 0.916979, 11.841721
0.062249, 0.794875, 11.645397
0.246603, 0.323217, 11.468227
0.375890, 0.524330, 11.235989
-0.019154, 0.555455, 11.147404
0.416591, 0.306458, 10.575188
-0.057461, 0.265756, 10.726025
-0.035913, 0.524330, 10.292675
-0.277727, 0.416591, 9.943119
-0.454898, 0.632069, 9.722855
-0.138864, 0.454898, 9.677364
-0.665588, 0.184354, 9.636662
-0.543484, 0.612916, 9.598354
-0.399832, 0.404620, 9.703701
-0.160412, -0.241814, 9.957485
-0.026336, 0.110133, 10.297462
-0.208296, 0.217872, 10.766727
0.134075, -0.062249, 10.819397
0.344765, -0.069432, 11.111492
0.122104, 0.201113, 11.461044
0.119710, 0.098162, 11.461044
0.253785, 0.253785, 11.362881
0.143652, 0.181959, 11.252750
-0.047884, 0.330400, 11.195290
-0.083797, 0.560243, 10.924744
-0.102951, 0.418985, 10.570400
-0.167594, 0.500388, 10.366894
-0.414197, 0.605733, 10.326191
-0.411803, 0.339977, 10.072407
-0.565032, 0.373495, 9.923965
-0.339977, 0.423774, 9.979034
-0.031125, 0.107739, 9.914391
0.909797, -0.648829, 9.145851
-0.766145, 0.059855, 9.725246
1.647211, -1.015141, 9.804256
-2.384625, 0.948104, 12.466610
7.134722, -3.174712, 8.262390
-7.450756, 1.738191, 15.071503
7.508217, -1.170764, 7.508217
-6.710947, 1.197101, 14.796169
7.991846, -0.943316, 7.326258
-7.915232, 2.588132, 15.588650
4.675877, -1.656788, 8.329430
-4.733337, 1.077391, 13.802574
1.240197, -0.311246, 9.176975
-2.521094, 1.271321, 12.361263
1.465251, 0.167594, 8.573635
0.184354, 1.106121, 10.223244
-1.237803, 0.258574, 10.012550
-1.587356, 1.005565, 10.553642
0.454898, 0.059855, 9.342175
-1.029507, 0.730232, 10.405201
1.091756, 0.737414, 9.639057
-1.395820, 1.101333, 10.790668
0.948104, 0.227449, 9.572018
-0.823606, 0.873884, 10.682930
-0.701501, 0.845153, 10.690113
-1.276110, 0.857124, 11.489777
-0.088585, 1.690307, 10.551247
-0.450110, 1.034295, 10.139446
-1.307234, 1.118092, 10.658985
-0.328006, 1.520318, 10.656593
0.409409, 0.663194, 10.433933
-0.933739, 1.173159, 11.391613
-0.011971, 1.007959, 11.552025
0.122104, 0.438139, 11.212048
-0.057461, 0.356736, 11.173740
-0.186748, 0.110133, 10.986992
-0.014365, -0.574608, 10.558430
0.519542, -0.545878, 10.228031
-0.550666, -0.100556, 10.618286
-0.215478, -0.663194, 10.139446
-0.033519, -0.653617, 9.902420
-0.435745, -0.615310, 10.029312
-0.138864, -0.641646, 9.718063
-0.354342, -0.253785, 9.928757
0.107739, -0.148441, 10.120293
0.440533, -0.347159, 10.230423
-0.081403, 0.093374, 10.498573
0.117316, 0.040701, 10.541672
0.299275, -0.134075, 10.678139
0.773327, 0.378284, 10.706871
0.351948, 0.593762, 11.152191
0.210690, 0.634464, 11.137829
0.768539, 0.605733, 10.788273
0.191536, 0.421380, 10.939110
0.153229, 0.213084, 10.697292
0.421380, 0.265756, 10.462662
0.347159, 0.447716, 10.505756
0.447716, 0.375890, 10.512939
-0.703895, 0.466869, 10.144234
0.574608, -0.524330, 10.146626
1.331176, 0.011971, 8.343792
3.031059, -1.889025, 10.146626
-3.766080, 0.399832, 11.695675
7.273586, -2.293645, 7.182606
-5.252878, 1.216255, 13.012486
6.414066, -1.398214, 7.455545
-9.267956, 2.269703, 15.950172
9.782707, -3.004724, 5.224148
-6.136339, 0.864307, 14.607025
5.516241, -1.630452, 6.818687
-3.670312, 1.683124, 13.737930
2.925714, 0.074220, 8.561665
-1.328782, 2.291251, 12.507309
0.076614, 0.512359, 10.524910
0.028730, 1.867477, 10.754753
2.059013, 0.612916, 8.949528
-1.134851, 1.996765, 10.314220
1.177948, 1.436521, 9.366116
-1.565808, 2.827553, 10.872070
0.421380, 1.249774, 9.756371
-2.293645, 2.415750, 11.286266
-0.440533, 1.582567, 10.235214
-0.670377, 0.818817, 10.797852
0.354342, 1.891419, 10.213665
-1.685518, 1.695095, 11.188107
-0.907403, 0.548272, 10.309433
-1.331176, 0.967257, 11.118675
-0.663194, 0.411803, 10.647015
-1.721431, 0.713472, 11.133038
0.873884, -0.110133, 10.421959
-0.088585, 0.189142, 10.797852
-0.548272, 0.198719, 11.032482
-0.782904, 0.083797, 10.857704
0.397438, -0.234632, 10.431538
0.050278, 0.000000, 10.922348
-0.237026, 0.270545, 11.080368
0.232238, -0.095768, 10.828976
-0.047884, -0.014365, 10.663776
-0.232238, 0.167594, 10.690113
-0.320823, -0.227449, 10.438721
-0.672771, 0.213084, 10.529701
-0.009577, 0.646435, 10.608707
-0.215478, -0.011971, 10.649410
-0.809240, -0.043096, 11.176136
-0.138864, -0.476446, 10.591949
0.284910, -0.916979, 10.472240
-0.208296, -1.055843, 10.690113
0.155623, -1.395820, 10.515335
0.706290, -1.142034, 10.388443
0.079009, -0.593762, 10.975021
0.658406, -0.900220, 10.127472
0.407014, -0.905008, 10.268730
0.342371, -0.620098, 10.508152
-0.141258, -0.442927, 10.709267
0.090980, -0.215478, 10.635044
0.308852, 0.308852, 10.630257
-0.045490, 0.632069, 10.709267
0.119710, 0.840365, 10.706871
0.215478, 1.704672, 10.898407
-1.726220, 1.479617, 12.780251
-2.159570, 1.877054, 12.641384
-0.519542, 2.138022, 11.961433
-1.082179, 2.221819, 12.241554
-0.390255, 2.384625, 11.451469
-0.153229, 1.920150, 10.632652
-0.876278, 1.683124, 10.781090
-0.536301, 1.707066, 10.429142
-0.272939, 1.795651, 10.022129
-0.464475, 1.807622, 10.180145
-1.005565, 1.980005, 10.436325
-0.914585, 2.025495, 10.395626
-1.321599, 1.561019, 10.680534
-0.859519, 1.398214, 10.419567
-0.031125, 1.072602, 10.005371
0.134075, 0.792481, 9.842564
-0.337582, 0.897826, 10.579979
-0.770933, 0.828394, 10.737995
-0.165200, 0.160412, 10.737995
-0.452504, -0.090980, 11.073185
0.459687, -0.119710, 10.697292
0.715866, -0.457293, 10.412384
-0.603339, -0.454898, 11.286266
-0.390255, -0.505177, 11.008541
-0.529119, -0.907403, 10.986992
-0.019154, -1.041478, 10.572796
0.150835, -1.144428, 10.345345
0.435745, -0.785298, 9.940727
-0.462081, -0.706290, 10.443508
-0.227449, -0.493206, 10.158600
0.110133, -0.383072, 9.940727
0.148441, -0.526724, 9.842564
0.234632, -0.244209, 9.864113
0.208296, -0.045490, 9.919178
0.059855, 0.459687, 10.254368
0.143652, 0.359130, 10.091560
0.289698, 0.476446, 10.065224
0.038307, 0.550666, 10.500969
0.289698, 0.514753, 10.510548
0.476446, 0.682348, 10.409988
0.318429, 0.909797, 10.828976
0.354342, 1.065420, 10.783485
0.476446, 0.955287, 10.584766
0.428562, 0.885855, 10.673351
0.268151, 0.921768, 10.771515
0.299275, 1.051054, 10.608707
0.177171, 1.177948, 10.570400
0.100556, 1.139640, 10.469845
-0.277727, 1.110909, 10.817005
-0.043096, 0.814029, 10.122684
-0.225055, 0.519542, 10.381260
-0.244209, 0.502782, 10.544064
-0.177171, 0.356736, 10.623074
-0.378284, 0.062249, 10.591949
-0.344765, -0.179565, 10.541672
-0.548272, -0.435745, 10.714054
-0.344765, -0.962469, 10.378864
-0.318429, -1.022324, 10.522518
-0.349553, -1.082179, 10.608707
-0.347159, -1.247379, 10.714054
-0.095768, -1.221043, 10.682930
-0.009577, -1.079785, 10.639832
0.158017, -1.115698, 10.579979
0.493206, -0.921768, 10.539276
0.732626, -0.651223, 10.625469
-0.311246, 0.524330, 11.516109
-0.174777, 0.447716, 11.137829
-2.748544, 1.029507, 12.243950
-0.299275, 0.869095, 11.121067
-0.847548, 1.086967, 11.784260
0.653617, 0.979228, 10.769119
-0.167594, 1.508347, 10.649410
-0.378284, 1.575385, 10.651806
-1.805228, 2.085350, 11.609486
-0.667982, 2.394202, 10.577583
-1.089362, 2.528277, 11.257538
-0.251391, 2.334347, 10.840946
-0.550666, 2.612074, 10.900803
-0.905008, 2.437298, 11.159374
-0.814029, 2.250549, 11.042061
-0.294487, 2.171541, 10.596737
-0.411803, 2.001553, 10.716446
-0.790087, 1.936909, 11.192894
-0.445322, 1.501164, 10.836159
-1.465251, 1.388637, 11.334152
-0.811635, 0.814029, 10.929531
-0.840365, 0.572214, 10.922348
-0.725443, 0.253785, 10.637440
-1.094150, 0.237026, 10.907982
-1.168370, 0.019154, 11.006145
-1.328782, -0.205901, 11.168953
-1.022324, -0.514753, 11.030087
-0.708684, -0.881066, 10.888828
-0.529119, -1.271321, 10.888828
-0.514753, -1.498770, 10.881649
-0.368707, -1.403002, 11.003750
-0.440533, -1.479617, 10.888828
-0.052672, -1.762133, 10.745178
-0.234632, -1.709460, 10.886436
-0.158017, -1.802834, 10.649410
0.253785, -2.106897, 10.029312
0.727837, -1.951274, 9.651028
0.677559, -1.798046, 9.770737
-0.208296, -1.003170, 10.048466
0.081403, -0.529119, 10.371681
-0.371101, -0.440533, 10.263943
0.306458, -0.079009, 10.244789
0.380678, 0.438139, 10.036495
0.100556, 0.735020, 9.991005
-0.428562, 1.352724, 10.321404
-0.368707, 1.417367, 10.278309
-0.150835, 1.553837, 10.448296
0.337582, 1.453280, 10.321404
0.644040, 1.702278, 10.048466
0.442927, 1.757344, 10.256760
0.220267, 1.889025, 10.587162
0.967257, 1.570596, 10.158600
0.658406, 1.592144, 10.366894
0.809240, 1.367089, 10.196907
0.519542, 1.455675, 10.223244
0.086191, 1.297657, 10.450691
-0.258574, 1.460463, 10.632652
0.141258, 1.242591, 10.347740
0.059855, 0.993594, 10.386047
-0.016759, 0.744597, 10.556034
-0.134075, 0.727837, 10.453087
-0.497994, 0.531513, 10.568008
-0.397438, 0.342371, 10.529701
-0.418985, 0.272939, 10.670959
-0.210690, 0.038307, 10.591949
-0.220267, -0.117316, 10.673351
-0.067038, -0.330400, 10.563217
-0.047884, -0.373495, 10.623074
-0.220267, -0.375890, 10.627861
-0.105345, -0.462081, 10.575188
-0.131681, -0.584185, 10.551247
-0.162806, -0.708684, 10.524910
-0.009577, -0.574608, 10.565613
0.069432, -0.380678, 10.546459
0.105345, -0.270545, 10.606316
-0.045490, -0.069432, 10.754753
0.191536, -0.043096, 10.627861
0.232238, 0.122104, 10.680534
0.213084, 0.225055, 10.436325
0.328006, 0.284910, 10.481815
0.287304, 0.366313, 10.508152
0.387861, 0.433351, 10.457874
0.395043, 0.584185, 10.321404
0.392649, 0.632069, 10.278309
0.258574, 0.837971, 10.153809
0.088585, 1.130063, 10.141838
0.014365, 1.175553, 10.043678
0.119710, 1.175553, 9.952698
0.114922, 1.194707, 10.067619
0.308852, 1.182736, 9.976639
0.234632, 1.290475, 10.268730
0.383072, 1.276110, 10.275913
0.567426, 1.278504, 10.522518
0.572214, 1.264139, 10.778698
0.533907, 0.964863, 10.759544
0.275333, 0.957681, 10.805035
0.179565, 0.854730, 10.742783
0.134075, 0.761356, 10.623074
0.031125, 0.770933, 10.745178
-0.474052, 0.924162, 11.020512
-0.442927, 0.665588, 10.742783
-0.802058, 0.497994, 10.860100
-0.620098, 0.414197, 10.551247
-0.816423, 0.447716, 10.742783
-0.751779, 0.316035, 10.515335
-0.849942, 0.351948, 10.704475
-0.775721, -0.002394, 10.541672
-0.933739, -0.193930, 10.656593
-0.881066, -0.438139, 10.623074
-0.857124, -0.787692, 10.481815
-0.725443, -0.998382, 10.414780
-0.893037, -1.110909, 10.560825
-0.723049, -1.288081, 10.553642
-0.723049, -1.230620, 10.603920
-1.237803, -1.304840, 11.300632
-0.998382, -1.285686, 11.326969
-0.579397, -1.130063, 11.367672
-0.265756, -1.072602, 11.085155
-0.112527, -0.713472, 11.010933
-0.160412, -0.660800, 10.951080
-0.584185, -0.289698, 11.288662
0.000000, -0.215478, 10.771515
-0.112527, 0.043096, 10.960655
-0.047884, 0.248997, 10.907982
-0.560243, 0.354342, 10.553642
-0.383072, 0.751779, 10.572796
-0.600945, 0.847548, 10.575188
-0.466869, 1.146822, 10.481815
-0.263362, 1.465251, 10.263943
-0.507571, 1.412579, 10.436325
-0.378284, 1.719037, 10.362106
-0.435745, 1.776498, 10.338165
-0.373495, 1.707066, 10.565613
0.059855, 1.570596, 10.307037
-0.016759, 1.556231, 10.541672
0.119710, 1.450886, 10.606316
0.050278, 1.235408, 10.697292
0.107739, 1.175553, 10.807426
0.169988, 0.718261, 10.702084
0.062249, 0.545878, 10.848129
0.351948, 0.414197, 10.527306
0.122104, 0.316035, 10.575188
0.366313, 0.323217, 10.465057
0.270545, 0.260968, 10.328587
0.318429, 0.167594, 10.271126
0.325611, 0.162806, 10.247185
0.363919, 0.234632, 10.189724
0.402226, 0.292093, 10.127472
0.366313, 0.409409, 10.223244
0.308852, 0.514753, 10.201694
0.272939, 0.462081, 10.163387
0.100556, 0.521936, 10.240002
0.122104, 0.653617, 10.311829
0.007183, 0.763750, 10.371681
-0.110133, 0.711078, 10.472240
-0.189142, 0.854730, 10.658985
-0.244209, 0.708684, 10.723629
-0.272939, 0.658406, 10.757149
-0.174777, 0.636858, 10.824188
-0.162806, 0.632069, 10.812214
-0.122104, 0.577003, 10.776302
0.035913, 0.478840, 10.828976
0.071826, 0.220267, 10.601524
0.028730, 0.076614, 10.649410
0.129287, -0.126893, 10.524910
0.146046, -0.227449, 10.443508
0.162806, -0.311246, 10.278309
0.126893, -0.387861, 10.412384
0.090980, -0.519542, 10.295067
0.064643, -0.699107, 10.302250
0.105345, -0.656011, 10.311829
0.007183, -0.689530, 10.326191
0.100556, -0.584185, 10.441113
0.107739, -0.428562, 10.412384
0.119710, -0.383072, 10.584766
0.045490, -0.201113, 10.635044
0.160412, -0.143652, 10.668564
0.172383, 0.016759, 10.591949
0.086191, 0.227449, 10.548855
0.000000, 0.493206, 10.608707
0.004788, 0.651223, 10.606316
0.213084, 0.766145, 10.539276
0.122104, 0.914585, 10.647015
0.098162, 1.010353, 10.565613
0.026336, 1.192313, 10.620678
-0.057461, 1.271321, 10.572796
-0.155623, 1.304840, 10.666168
-0.275333, 1.357512, 10.548855
-0.359130, 1.371878, 10.541672
-0.450110, 1.206678, 10.572796
-0.488417, 1.106121, 10.572796
-0.677559, 1.082179, 10.560825
-0.763750, 1.024718, 10.584766
-0.699107, 0.895432, 10.587162
-0.723049, 0.708684, 10.668564
-0.763750, 0.629675, 10.766727
-0.787692, 0.581791, 10.840946
-0.802058, 0.497994, 10.785881
-0.735020, 0.371101, 10.828976
-0.876278, 0.356736, 10.915165
-0.878672, 0.368707, 10.934319
-0.672771, 0.162806, 10.879253
-0.730232, -0.055067, 10.824188
-0.591368, -0.292093, 10.764332
-0.620098, -0.402226, 10.805035
-0.538695, -0.476446, 10.757149
-0.596156, -0.648829, 10.747574
-0.442927, -0.531513, 10.702084
-0.395043, -0.474052, 10.584766
-0.464475, -0.545878, 10.745178
-0.323217, -0.339977, 10.618286
-0.227449, -0.265756, 10.599133
-0.184354, -0.155623, 10.649410
-0.270545, -0.007183, 10.678139
-0.277727, 0.263362, 10.635044
-0.263362, 0.289698, 10.522518
-0.239420, 0.282516, 10.433933
-0.138864, 0.378284, 10.568008
-0.043096, 0.512359, 10.472240
0.169988, 0.445322, 10.465057
0.189142, 0.447716, 10.488998
0.287304, 0.531513, 10.479420
0.323217, 0.588974, 10.500969
0.361524, 0.555455, 10.409988
0.438139, 0.536301, 10.498573
0.457293, 0.584185, 10.441113
0.330400, 0.538695, 10.438721
0.316035, 0.672771, 10.297462
0.002394, 0.826000, 10.682930
0.177171, 0.679953, 10.180145
0.131681, 0.797269, 10.168175
-0.033519, 0.778116, 10.702084
-0.026336, 0.708684, 10.790668
-0.074220, 0.560243, 10.649410
-0.079009, 0.452504, 10.520123
-0.093374, 0.402226, 10.615891
-0.186748, 0.217872, 10.663776
-0.055067, 0.143652, 10.584766
-0.131681, 0.095768, 10.553642
-0.292093, 0.023942, 10.651806
-0.311246, 0.112527, 10.558430
-0.347159, 0.062249, 10.572796
-0.380678, -0.026336, 10.558430
-0.474052, 0.110133, 10.565613
-0.426168, 0.150835, 10.541672
-0.332794, 0.174777, 10.601524
-0.421380, 0.169988, 10.618286
-0.232238, 0.129287, 10.613495
-0.177171, 0.134075, 10.627861
-0.217872, 0.201113, 10.632652
-0.138864, 0.282516, 10.579979
-0.028730, 0.265756, 10.522518
0.026336, 0.347159, 10.570400
-0.016759, 0.397438, 10.666168
-0.026336, 0.483629, 10.527306
-0.026336, 0.488417, 10.522518
-0.059855, 0.536301, 10.582371
-0.117316, 0.644040, 10.472240
-0.074220, 0.780510, 10.402805
0.016759, 0.737414, 10.388443
0.148441, 0.761356, 10.460266
0.186748, 0.742203, 10.326191
0.373495, 0.739808, 10.381260
0.344765, 0.694319, 10.433933
0.442927, 0.725443, 10.491394
0.426168, 0.746991, 10.443508
0.407014, 0.725443, 10.402805
0.373495, 0.708684, 10.383652
0.299275, 0.794875, 10.417171
0.217872, 0.770933, 10.553642
0.043096, 0.754174, 10.472240
0.023942, 0.758962, 10.635044
-0.179565, 0.699107, 10.579979
-0.110133, 0.596156, 10.656593
-0.119710, 0.541090, 10.613495
-0.117316, 0.486023, 10.611103
-0.095768, 0.399832, 10.618286
-0.141258, 0.411803, 10.565613
-0.189142, 0.414197, 10.682930
-0.237026, 0.404620, 10.529701
-0.325611, 0.488417, 10.623074
-0.380678, 0.440533, 10.666168
-0.502782, 0.344765, 10.647015
-0.629675, 0.227449, 10.587162
-0.675165, 0.225055, 10.627861
-0.804452, 0.114922, 10.625469
-0.718261, 0.014365, 10.644623
-0.598551, -0.153229, 10.565613
-0.605733, -0.258574, 10.548855
-0.569820, -0.330400, 10.510548
-0.545878, -0.390255, 10.632652
-0.490811, -0.280122, 10.752361
-0.349553, -0.234632, 10.613495
-0.287304, -0.191536, 10.699688
-0.294487, -0.181959, 10.752361
-0.258574, -0.193930, 10.745178
-0.356736, -0.201113, 10.647015
-0.205901, -0.162806, 10.620678
-0.205901, -0.138864, 10.522518
-0.256180, -0.162806, 10.740391
-0.126893, 0.014365, 10.618286
-0.110133, -0.031125, 10.608707
-0.124499, 0.059855, 10.565613
-0.086191, 0.184354, 10.515335
-0.035913, 0.380678, 10.503365
-0.009577, 0.447716, 10.443508
0.014365, 0.555455, 10.488998
0.146046, 0.763750, 10.527306
0.122104, 0.852336, 10.460266
0.184354, 0.849942, 10.498573
0.162806, 0.885855, 10.591949
0.162806, 0.955287, 10.572796
0.045490, 0.972046, 10.527306
0.031125, 0.883461, 10.606316
0.000000, 0.902614, 10.553642
0.021548, 0.883461, 10.577583
-0.043096, 0.751779, 10.527306
-0.143652, 0.725443, 10.486603
-0.071826, 0.622493, 10.568008
-0.100556, 0.574608, 10.532093
-0.074220, 0.526724, 10.474632
-0.124499, 0.478840, 10.556034
-0.138864, 0.466869, 10.551247
-0.059855, 0.481235, 10.556034
-0.136469, 0.457293, 10.579979
-0.179565, 0.387861, 10.517727
-0.244209, 0.440533, 10.635044
-0.313640, 0.404620, 10.611103
-0.234632, 0.328006, 10.658985
-0.282516, 0.301669, 10.733208
-0.138864, 0.241814, 10.517727
-0.141258, 0.277727, 10.532093
-0.067038, 0.232238, 10.601524
-0.105345, 0.239420, 10.536880
-0.055067, 0.316035, 10.467449
-0.071826, 0.351948, 10.603920
-0.021548, 0.392649, 10.551247
0.038307, 0.488417, 10.419567
0.055067, 0.426168, 10.515335
0.004788, 0.545878, 10.510548
-0.023942, 0.512359, 10.460266
-0.007183, 0.603339, 10.572796
-0.038307, 0.641646, 10.479420
-0.114922, 0.591368, 10.481815
-0.019154, 0.610522, 10.498573
0.033519, 0.579397, 10.512939
0.064643, 0.433351, 10.551247
0.237026, 0.308852, 10.498573
0.126893, 0.241814, 10.515335
0.119710, 0.105345, 10.465057
0.150835, 0.079009, 10.347740
0.117316, -0.055067, 10.520123
0.119710, -0.098162, 10.412384
0.067038, -0.062249, 10.429142
0.026336, -0.019154, 10.417171
0.071826, 0.043096, 10.460266
0.028730, 0.086191, 10.503365
0.016759, 0.050278, 10.405201
-0.038307, 0.050278, 10.488998
-0.081403, 0.153229, 10.529701
-0.059855, 0.169988, 10.508152
-0.040701, 0.134075, 10.527306
-0.088585, 0.189142, 10.627861
-0.138864, 0.114922, 10.560825
-0.093374, 0.105345, 10.620678
-0.160412, 0.167594, 10.635044
-0.265756, 0.304064, 10.630257
-0.229843, 0.349553, 10.699688
-0.150835, 0.323217, 10.632652
-0.268151, 0.378284, 10.632652
-0.225055, 0.447716, 10.577583
-0.193930, 0.471658, 10.644623
-0.198719, 0.517148, 10.517727
-0.256180, 0.593762, 10.615891
-0.253785, 0.596156, 10.596737
-0.335188, 0.651223, 10.582371
-0.335188, 0.665588, 10.579979
-0.462081, 0.634464, 10.560825
-0.435745, 0.658406, 10.551247
-0.486023, 0.641646, 10.546459
-0.459687, 0.624887, 10.623074
-0.411803, 0.608127, 10.623074
-0.418985, 0.572214, 10.613495
-0.378284, 0.497994, 10.591949
-0.339977, 0.493206, 10.723629
-0.287304, 0.509965, 10.534489
-0.339977, 0.450110, 10.675747
-0.332794, 0.454898, 10.623074
-0.347159, 0.442927, 10.625469
-0.373495, 0.490811, 10.623074
-0.328006, 0.478840, 10.563217
-0.258574, 0.399832, 10.541672
-0.320823, 0.373495, 10.670959
-0.280122, 0.404620, 10.584766
-0.177171, 0.313640, 10.587162
-0.138864, 0.363919, 10.647015
-0.215478, 0.383072, 10.613495
-0.146046, 0.320823, 10.589554
-0.081403, 0.280122, 10.630257
-0.174777, 0.241814, 10.632652
-0.131681, 0.198719, 10.560825
-0.167594, 0.158017, 10.553642
-0.131681, 0.131681, 10.565613
-0.172383, 0.057461, 10.594341
-0.105345, 0.052672, 10.579979
-0.119710, 0.033519, 10.599133
-0.033519, -0.002394, 10.556034
-0.131681, 0.002394, 10.544064
-0.143652, 0.023942, 10.584766
-0.019154, 0.071826, 10.591949
-0.028730, 0.088585, 10.575188
-0.040701, 0.129287, 10.515335
-0.023942, 0.155623, 10.649410
-0.059855, 0.198719, 10.611103
-0.114922, 0.253785, 10.508152
-0.083797, 0.248997, 10.572796
-0.141258, 0.311246, 10.409988
-0.165200, 0.275333, 10.558430
-0.095768, 0.313640, 10.551247
-0.114922, 0.260968, 10.563217
-0.148441, 0.265756, 10.541672
-0.122104, 0.282516, 10.539276
-0.067038, 0.287304, 10.575188
-0.105345, 0.371101, 10.465057
-0.045490, 0.368707, 10.508152
-0.138864, 0.402226, 10.539276
-0.110133, 0.418985, 10.584766
-0.100556, 0.421380, 10.508152
-0.088585, 0.440533, 10.572796
-0.134075, 0.387861, 10.508152
-0.129287, 0.519542, 10.532093
-0.172383, 0.433351, 10.500969
-0.189142, 0.478840, 10.484211
-0.201113, 0.450110, 10.546459
-0.153229, 0.478840, 10.493786
-0.134075, 0.519542, 10.498573
-0.112527, 0.531513, 10.546459
-0.064643, 0.636858, 10.611103
-0.074220, 0.658406, 10.620678
-0.086191, 0.675165, 10.670959
-0.071826, 0.663194, 10.486603
-0.102951, 0.699107, 10.608707
-0.153229, 0.699107, 10.565613
-0.134075, 0.648829, 10.524910
-0.174777, 0.622493, 10.539276
-0.122104, 0.529119, 10.469845
-0.064643, 0.567426, 10.635044
-0.026336, 0.502782, 10.536880
-0.035913, 0.567426, 10.553642
0.002394, 0.414197, 10.457874
0.026336, 0.428562, 10.484211
0.007183, 0.421380, 10.524910
0.038307, 0.407014, 10.565613
-0.016759, 0.442927, 10.575188
0.011971, 0.383072, 10.462662
-0.026336, 0.320823, 10.615891
0.064643, 0.378284, 10.577583
0.002394, 0.361524, 10.517727
-0.031125, 0.304064, 10.534489
-0.052672, 0.296881, 10.563217
-0.026336, 0.292093, 10.589554
0.021548, 0.277727, 10.565613
-0.031125, 0.237026, 10.627861
0.031125, 0.244209, 10.512939
-0.007183, 0.237026, 10.551247
-0.031125, 0.210690, 10.627861
0.014365, 0.282516, 10.510548
0.016759, 0.217872, 10.603920
-0.102951, 0.253785, 10.544064
-0.059855, 0.239420, 10.582371
-0.093374, 0.253785, 10.508152
-0.081403, 0.198719, 10.618286
-0.122104, 0.193930, 10.579979
-0.136469, 0.253785, 10.575188
-0.126893, 0.205901, 10.524910
-0.162806, 0.232238, 10.589554
-0.141258, 0.251391, 10.596737
-0.177171, 0.241814, 10.568008
-0.138864, 0.287304, 10.563217
-0.162806, 0.234632, 10.558430
-0.256180, 0.296881, 10.591949
-0.222661, 0.251391, 10.575188
-0.284910, 0.270545, 10.635044
-0.270545, 0.318429, 10.730812
-0.344765, 0.284910, 10.615891
-0.213084, 0.294487, 10.702084
-0.318429, 0.311246, 10.670959
-0.318429, 0.356736, 10.532093
-0.296881, 0.344765, 10.714054
-0.380678, 0.399832, 10.651806
-0.390255, 0.359130, 10.618286
-0.378284, 0.366313, 10.651806
-0.270545, 0.438139, 10.575188
-0.335188, 0.392649, 10.570400
-0.380678, 0.402226, 10.647015
-0.335188, 0.378284, 10.551247
-0.318429, 0.373495, 10.627861
-0.380678, 0.418985, 10.594341
-0.380678, 0.423774, 10.575188
-0.354342, 0.428562, 10.635044
-0.392649, 0.423774, 10.620678
-0.373495, 0.380678, 10.666168
-0.320823, 0.433351, 10.644623
-0.296881, 0.445322, 10.601524
-0.275333, 0.438139, 10.599133
-0.287304, 0.469264, 10.632652
-0.260968, 0.433351, 10.635044
-0.208296, 0.421380, 10.692505
-0.253785, 0.347159, 10.642227
-0.227449, 0.418985, 10.618286
-0.193930, 0.418985, 10.608707
-0.153229, 0.385466, 10.546459
-0.217872, 0.423774, 10.599133
-0.232238, 0.366313, 10.568008
-0.126893, 0.347159, 10.596737
-0.146046, 0.256180, 10.496181
-0.107739, 0.330400, 10.536880
-0.146046, 0.347159, 10.505756
-0.076614, 0.294487, 10.460266
-0.100556, 0.318429, 10.524910
0.014365, 0.318429, 10.606316
-0.093374, 0.292093, 10.611103
0.004788, 0.301669, 10.611103
0.047884, 0.320823, 10.534489
-0.019154, 0.294487, 10.582371
0.031125, 0.272939, 10.615891
-0.019154, 0.284910, 10.582371
0.050278, 0.258574, 10.572796
-0.007183, 0.258574, 10.553642
0.062249, 0.268151, 10.460266
0.050278, 0.299275, 10.544064
-0.069432, 0.313640, 10.472240
0.033519, 0.280122, 10.366894
-0.014365, 0.292093, 10.448296
0.014365, 0.316035, 10.450691
-0.011971, 0.316035, 10.390835
0.033519, 0.294487, 10.524910
-0.031125, 0.287304, 10.457874
-0.059855, 0.356736, 10.529701
-0.071826, 0.323217, 10.484211
-0.069432, 0.399832, 10.465057
-0.035913, 0.392649, 10.546459
-0.059855, 0.325611, 10.603920
-0.019154, 0.390255, 10.639832
-0.031125, 0.407014, 10.606316
-0.071826, 0.411803, 10.601524
-0.050278, 0.385466, 10.558430
-0.033519, 0.397438, 10.529701
-0.040701, 0.418985, 10.532093
-0.138864, 0.442927, 10.491394
-0.095768, 0.476446, 10.517727
-0.117316, 0.483629, 10.517727
-0.179565, 0.414197, 10.512939
-0.134075, 0.430956, 10.429142
-0.148441, 0.481235, 10.445904
-0.158017, 0.483629, 10.572796
-0.143652, 0.505177, 10.510548
-0.119710, 0.505177, 10.546459
-0.158017, 0.521936, 10.623074
-0.143652, 0.553061, 10.577583
-0.179565, 0.493206, 10.534489
-0.184354, 0.457293, 10.591949
-0.160412, 0.488417, 10.584766
-0.114922, 0.435745, 10.575188
-0.158017, 0.459687, 10.594341
-0.153229, 0.430956, 10.666168
-0.131681, 0.414197, 10.589554
-0.141258, 0.395043, 10.474632
-0.153229, 0.409409, 10.577583
-0.205901, 0.402226, 10.484211
-0.181959, 0.311246, 10.582371
-0.191536, 0.387861, 10.505756
-0.146046, 0.383072, 10.474632
-0.184354, 0.323217, 10.479420
-0.210690, 0.316035, 10.517727
-0.148441, 0.272939, 10.532093
-0.160412, 0.280122, 10.532093
-0.177171, 0.301669, 10.666168
-0.107739, 0.275333, 10.613495
-0.191536, 0.253785, 10.536880
-0.162806, 0.258574, 10.663776
-0.093374, 0.296881, 10.568008
-0.131681, 0.311246, 10.613495
-0.102951, 0.308852, 10.673351
-0.040701, 0.246603, 10.666168
-0.134075, 0.253785, 10.584766
-0.131681, 0.282516, 10.649410
-0.184354, 0.253785, 10.560825
-0.095768, 0.258574, 10.625469
-0.148441, 0.272939, 10.496181
-0.141258, 0.275333, 10.649410
-0.165200, 0.251391, 10.527306
-0.201113, 0.208296, 10.522518
-0.143652, 0.229843, 10.498573
-0.160412, 0.301669, 10.532093
-0.162806, 0.342371, 10.594341
-0.184354, 0.299275, 10.620678
-0.177171, 0.311246, 10.673351
-0.138864, 0.299275, 10.496181
-0.205901, 0.320823, 10.649410
-0.179565, 0.323217, 10.510548
-0.220267, 0.308852, 10.601524
-0.177171, 0.363919, 10.589554
-0.217872, 0.363919, 10.608707
-0.256180, 0.375890, 10.620678
-0.198719, 0.354342, 10.726025
-0.222661, 0.351948, 10.565613
-0.248997, 0.373495, 10.596737
-0.167594, 0.325611, 10.563217
-0.225055, 0.421380, 10.500969
-0.241814, 0.385466, 10.539276
-0.229843, 0.325611, 10.529701
-0.241814, 0.407014, 10.568008
-0.256180, 0.430956, 10.527306
-0.268151, 0.359130, 10.544064
-0.193930, 0.411803, 10.529701
-0.237026, 0.392649, 10.613495
-0.316035, 0.418985, 10.594341
-0.354342, 0.332794, 10.568008
-0.251391, 0.395043, 10.505756
-0.296881, 0.435745, 10.615891
-0.217872, 0.387861, 10.591949
-0.234632, 0.462081, 10.582371
-0.215478, 0.411803, 10.594341
-0.248997, 0.476446, 10.627861
-0.177171, 0.337582, 10.623074
-0.136469, 0.421380, 10.565613
-0.251391, 0.342371, 10.579979
-0.225055, 0.385466, 10.551247
-0.181959, 0.359130, 10.500969
-0.150835, 0.337582, 10.527306
-0.203507, 0.289698, 10.443508
-0.153229, 0.294487, 10.536880
-0.189142, 0.335188, 10.527306
-0.107739, 0.289698, 10.591949
-0.086191, 0.301669, 10.529701
-0.055067, 0.308852, 10.553642
-0.057461, 0.363919, 10.544064
-0.045490, 0.356736, 10.486603
-0.069432, 0.320823, 10.467449
-0.026336, 0.361524, 10.496181
-0.050278, 0.356736, 10.544064
-0.016759, 0.316035, 10.532093
-0.016759, 0.308852, 10.551247
-0.040701, 0.296881, 10.565613
0.021548, 0.320823, 10.486603
-0.016759, 0.332794, 10.553642
-0.038307, 0.351948, 10.512939
0.002394, 0.373495, 10.611103
-0.057461, 0.363919, 10.460266
-0.057461, 0.397438, 10.467449
-0.045490, 0.378284, 10.488998
0.021548, 0.349553, 10.486603
0.059855, 0.373495, 10.546459
0.043096, 0.332794, 10.546459
0.000000, 0.325611, 10.520123
-0.014365, 0.368707, 10.529701
-0.004788, 0.414197, 10.541672
-0.055067, 0.363919, 10.558430
-0.035913, 0.385466, 10.515335
0.009577, 0.440533, 10.577583
-0.007183, 0.390255, 10.603920
0.009577, 0.423774, 10.536880
-0.069432, 0.445322, 10.575188
-0.071826, 0.462081, 10.560825
-0.021548, 0.418985, 10.577583
-0.057461, 0.497994, 10.517727
-0.076614, 0.430956, 10.558430
-0.131681, 0.442927, 10.455479
-0.112527, 0.478840, 10.572796
-0.093374, 0.497994, 10.584766
-0.088585, 0.452504, 10.493786
-0.131681, 0.445322, 10.510548
-0.110133, 0.371101, 10.544064
-0.112527, 0.450110, 10.551247
-0.114922, 0.438139, 10.627861
-0.124499, 0.399832, 10.596737
-0.122104, 0.428562, 10.594341
-0.203507, 0.452504, 10.601524
-0.124499, 0.378284, 10.644623
-0.246603, 0.457293, 10.575188
-0.215478, 0.356736, 10.553642
-0.158017, 0.387861, 10.726025
-0.234632, 0.332794, 10.611103
-0.184354, 0.323217, 10.498573
-0.201113, 0.301669, 10.520123
-0.215478, 0.320823, 10.520123
-0.203507, 0.311246, 10.579979
-0.265756, 0.325611, 10.556034
-0.203507, 0.325611, 10.493786
-0.241814, 0.292093, 10.524910
-0.215478, 0.313640, 10.613495
-0.229843, 0.385466, 10.618286
-0.277727, 0.275333, 10.544064
-0.237026, 0.371101, 10.532093
-0.237026, 0.311246, 10.635044
-0.275333, 0.234632, 10.568008
-0.335188, 0.289698, 10.632652
-0.277727, 0.217872, 10.721237
-0.251391, 0.256180, 10.639832
-0.215478, 0.258574, 10.536880
-0.270545, 0.318429, 10.591949
-0.220267, 0.294487, 10.632652
-0.181959, 0.275333, 10.611103
-0.177171, 0.282516, 10.582371
-0.208296, 0.301669, 10.594341
-0.177171, 0.320823, 10.678139
-0.232238, 0.292093, 10.560825
-0.213084, 0.265756, 10.498573
-0.225055, 0.294487, 10.524910
-0.198719, 0.272939, 10.608707
-0.222661, 0.292093, 10.613495
-0.150835, 0.304064, 10.548855
-0.167594, 0.275333, 10.551247
-0.134075, 0.328006, 10.637440
-0.177171, 0.335188, 10.632652
-0.119710, 0.318429, 10.563217
-0.193930, 0.335188, 10.577583
-0.174777, 0.378284, 10.601524
-0.146046, 0.323217, 10.658985
-0.153229, 0.380678, 10.572796
-0.126893, 0.418985, 10.615891
-0.117316, 0.320823, 10.517727
-0.107739, 0.359130, 10.692505
-0.102951, 0.404620, 10.541672
-0.134075, 0.421380, 10.498573
-0.138864, 0.356736, 10.596737
-0.167594, 0.342371, 10.534489
-0.095768, 0.378284, 10.647015
-0.131681, 0.402226, 10.539276
-0.067038, 0.385466, 10.498573
-0.069432, 0.320823, 10.556034
-0.095768, 0.366313, 10.611103
-0.112527, 0.387861, 10.632652
-0.047884, 0.404620, 10.539276
-0.098162, 0.442927, 10.568008
-0.134075, 0.414197, 10.517727
-0.095768, 0.361524, 10.481815
-0.081403, 0.349553, 10.570400
-0.105345, 0.373495, 10.548855
-0.136469, 0.351948, 10.541672
-0.129287, 0.404620, 10.539276
-0.100556, 0.335188, 10.613495
-0.081403, 0.404620, 10.625469
-0.090980, 0.402226, 10.575188
-0.129287, 0.366313, 10.551247
-0.122104, 0.332794, 10.572796
-0.033519, 0.375890, 10.517727
-0.153229, 0.366313, 10.579979
-0.095768, 0.385466, 10.541672
-0.076614, 0.375890, 10.548855
-0.107739, 0.375890, 10.445904
-0.102951, 0.428562, 10.527306
-0.129287, 0.349553, 10.474632
-0.074220, 0.313640, 10.563217
-0.107739, 0.363919, 10.584766
-0.062249, 0.368707, 10.620678
-0.131681, 0.347159, 10.532093
-0.100556, 0.380678, 10.548855
-0.153229, 0.330400, 10.510548
-0.191536, 0.311246, 10.582371
-0.150835, 0.344765, 10.457874
-0.081403, 0.342371, 10.572796
-0.083797, 0.442927, 10.584766
-0.114922, 0.363919, 10.529701
-0.131681, 0.344765, 10.498573
-0.136469, 0.349553, 10.558430
-0.138864, 0.363919, 10.477028
-0.100556, 0.351948, 10.508152
-0.126893, 0.373495, 10.625469
-0.095768, 0.363919, 10.608707
-0.086191, 0.373495, 10.515335
-0.143652, 0.299275, 10.536880
-0.150835, 0.363919, 10.611103
-0.136469, 0.383072, 10.539276
-0.143652, 0.402226, 10.498573
-0.129287, 0.349553, 10.661381
-0.124499, 0.395043, 10.496181
-0.131681, 0.344765, 10.529701
-0.134075, 0.385466, 10.620678
-0.117316, 0.344765, 10.635044
-0.148441, 0.380678, 10.520123
-0.169988, 0.361524, 10.601524
-0.169988, 0.402226, 10.582371
-0.090980, 0.361524, 10.599133
-0.153229, 0.407014, 10.613495
-0.160412, 0.356736, 10.706871
-0.146046, 0.371101, 10.603920
-0.141258, 0.397438, 10.553642
-0.191536, 0.349553, 10.668564
-0.167594, 0.304064, 10.666168
-0.155623, 0.356736, 10.594341
-0.158017, 0.363919, 10.556034
-0.165200, 0.395043, 10.644623
-0.174777, 0.395043, 10.666168
-0.148441, 0.349553, 10.539276
-0.205901, 0.337582, 10.577583
-0.136469, 0.378284, 10.568008
-0.179565, 0.354342, 10.536880
-0.189142, 0.385466, 10.620678
-0.167594, 0.337582, 10.551247
-0.181959, 0.337582, 10.565613
-0.110133, 0.371101, 10.556034
-0.155623, 0.294487, 10.565613
-0.215478, 0.359130, 10.678139
-0.184354, 0.335188, 10.560825
-0.229843, 0.325611, 10.579979
-0.186748, 0.344765, 10.627861
-0.215478, 0.253785, 10.544064
-0.239420, 0.332794, 10.560825
-0.244209, 0.275333, 10.618286
-0.256180, 0.244209, 10.601524
-0.234632, 0.328006, 10.582371
-0.234632, 0.294487, 10.560825
-0.308852, 0.280122, 10.666168
-0.277727, 0.397438, 10.551247
-0.239420, 0.318429, 10.591949
-0.158017, 0.270545, 10.565613
-0.232238, 0.270545, 10.508152
-0.253785, 0.316035, 10.587162
-0.158017, 0.349553, 10.623074
-0.213084, 0.380678, 10.565613
-0.277727, 0.361524, 10.527306
-0.196325, 0.332794, 10.627861
-0.232238, 0.299275, 10.635044
-0.189142, 0.359130, 10.536880
-0.177171, 0.325611, 10.623074
-0.198719, 0.349553, 10.529701
-0.191536, 0.296881, 10.587162
-0.225055, 0.363919, 10.565613
-0.263362, 0.332794, 10.520123
-0.256180, 0.330400, 10.575188
-0.198719, 0.395043, 10.544064
-0.146046, 0.361524, 10.536880
-0.119710, 0.330400, 10.594341
-0.138864, 0.402226, 10.544064
-0.110133, 0.335188, 10.563217
-0.112527, 0.368707, 10.419567
-0.174777, 0.371101, 10.651806
-0.098162, 0.418985, 10.548855
-0.148441, 0.361524, 10.546459
-0.081403, 0.371101, 10.532093
-0.064643, 0.442927, 10.599133
-0.098162, 0.421380, 10.491394
-0.050278, 0.426168, 10.620678
-0.088585, 0.395043, 10.544064
-0.047884, 0.392649, 10.529701
-0.090980, 0.404620, 10.568008
-0.038307, 0.390255, 10.548855
-0.055067, 0.423774, 10.568008
-0.038307, 0.469264, 10.496181
0.002394, 0.368707, 10.515335
-0.023942, 0.368707, 10.560825
-0.014365, 0.416591, 10.517727
-0.035913, 0.390255, 10.575188
-0.026336, 0.392649, 10.529701
-0.033519, 0.337582, 10.534489
0.086191, 0.407014, 10.527306
-0.043096, 0.416591, 10.529701
-0.007183, 0.366313, 10.524910
0.000000, 0.395043, 10.579979
-0.064643, 0.430956, 10.572796
-0.035913, 0.344765, 10.445904
-0.076614, 0.378284, 10.503365
-0.064643, 0.409409, 10.520123
0.000000, 0.354342, 10.510548
-0.007183, 0.387861, 10.565613
-0.055067, 0.380678, 10.529701
-0.090980, 0.404620, 10.498573
-0.098162, 0.337582, 10.563217
-0.069432, 0.397438, 10.527306
-0.122104, 0.363919, 10.563217
-0.057461, 0.404620, 10.457874
-0.086191, 0.433351, 10.603920
-0.102951, 0.368707, 10.500969
-0.153229, 0.351948, 10.613495
-0.203507, 0.399832, 10.615891
-0.169988, 0.426168, 10.587162
-0.193930, 0.421380, 10.529701
-0.114922, 0.330400, 10.618286
-0.193930, 0.380678, 10.539276
-0.208296, 0.337582, 10.615891
-0.179565, 0.323217, 10.570400
-0.265756, 0.395043, 10.532093
-0.191536, 0.380678, 10.587162
-0.275333, 0.378284, 10.524910
-0.201113, 0.318429, 10.587162
-0.205901, 0.392649, 10.666168
-0.186748, 0.354342, 10.529701
-0.263362, 0.349553, 10.493786
-0.251391, 0.287304, 10.579979
-0.248997, 0.363919, 10.596737
-0.215478, 0.301669, 10.529701
-0.258574, 0.349553, 10.589554
-0.260968, 0.351948, 10.515335
-0.256180, 0.335188, 10.498573
